14895108694829500248  
14895108694829542715  
14895108694829545284  
14895108694829546587  
14895108694829546954  
14895108694829548620  
14895108694829550303  
14895108694829553635  
14895108694829555299  
14895108694829556969  
14895108694829559470  
14895108694829561149  
14895108694829605880  
14895108694829607802  
14895108694829609471  
14895108694829611142  
14895108694829632437  
14895108694829663714  
14895108694829670313  
14895108694829671979  
14895108694829673643  
14895108694829675313  
14895108694829677337  
14895108694829678654  
14895108694829680324  
14895108694829727440  
14895108694829728606  
14895108694829730320  
14895108694829731990  
14895108694829733657  
14895108694829735335  
14895108694829775879  
14895108694829827280  
14895108694829867293  
14895108694829874865  
14895108694829878678  
14895108694829884674  
14895108694829948765  
14895108694829956193  
14895108694829957886  
14895108694829959360  
14895108694829986063  
14895108694830004493  
14895108694830038526  
14895108694830138063  
14895108694830155150  
14895108694830162871  
14895108694830164427  
14895108694830166199  
14895108694830173173  
14895108694830174433  
14895108694830207765  
14895108694830209539  
14895108694830253968  
14895108694830256214  
14895108694830257759  
14895108694830259550  
14895108694830342818  
14895108694831446646  
14895108694831451485  
14895108694831456912  
14895108694831458580  
14895108694831461078  
14895108694831461081  
14895108694831465238  
14895108694831465249  
14895108694831468581  
14895108694831468582  
14895108694831471912  
14895108694831471913  
14895108694831475248  
14895108694831478582  
14895108694831481943  
14895108694831485241  
14895108694831488577  
14895108694831491910  
14895108694831495243  
14895108694831532133  
14895108694831533510  
14895108694831535237  
14895108694831535678  
14895108694831536826  
14895108694831538568  
14895108694831540234  
14895108694831541908  
14895108694831543566  
14895108694831545165  
14895108694831546906  
14895108694831548573  
14895108694831550241  
14895108694831551912  
14895108694831553570  
14895108694831555174  
14895108694831556909  
14895108694831560238  
14895108694831561901  
14895108694831563507  
14895108694831565233  
14895108694831593405  
14895108694831595241  
14895108694831596902  
14895108694831598570  
14895108694831600185  
14895108694831628038  
14895108694831630247  
14895108694831631906  
14895108694831633571  
14895108694831635184  
14895108694831636905  
14895108694831638568  
14895108694831640236  
14895108694831641900  
14895108694831643571  
14895108694831645234  
14895108694831646853  
14895108694831648569  
14895108694831664813  
14895108694831668152  
14895108694831670237  
14895108694831671858  
14895108694831689436  
14895108694831745424  
14895108694831746871  
14895108694831763535  
14895108694831765241  
14895108694831766867  
14895108694831800642  
14895108694831802733  
14895108694831840352  
14895108694831841872  
14895108694831855297  
14895108694831856865  
14895108694831858563  
14895108694831860225  
14895108694831861896  
14895108694831917969  
14895108694831924376  
14895108694831926072  
14895108694831942570  
14895108694832034549  
14895108694832036048  
14895108694832101653  
14895108694832116998  
14895108694832122728  
14895108694832124389  
14895108694832126072  
14895108694832176741  
14895108694832179396  
14895108694832182729  
14895108694832184389  
14895108694832213022  
14895108694832234898  
14895108694832258679  
14895108694832266056  
14895108694832267733  
14895108694832269388  
14895108694832271083  
14895108694832272753  
14895108694832275256  
14895108694832276926  
14895108694832278594  
14895108694832317086  
14895108694832319443  
14895108694832321100  
14895108694832367166  
14895108694832369428  
14895108694832371052  
14895108694832372773  
14895108694832374392  
14895108694832376946  
14895108694832378557  
14895108694832380290  
14895108694832381890  
14895108694832383638  
14895108694832385223  
14895108694832387812  
14895108694832389395  
14895108694832391159  
14895108694832468211  
14895108694832470342  
14895108694832584893  
14895108694832734928  
14895108694832759931  
14895108694832778053  
14895108694832779377  
14895108694832802991  
14895108694832821238  
14895108694832823782  
14895108694832825208  
14895108694832827118  
14895108694832832051  
14895108694832933997  
14895108694832936298  
14895108694832937716  
14895108694832939630  
14895108694832970213  
14895108694832974452  
14895108694832977971  
14895108694832982967  
14895108694832984374  
14895108694832986304  
14895108694832988478  
14895108694832991305  
14895108694832992710  
14895108694832994640  
14895108694832996052  
14895108694832998488  
14895108694833002985  
14895108694833022214  
14895108694833025481  
14895108694833029087  
14895108694833036046  
14895108694833078557  
14895108694833081039  
14895108694833083822  
14895108694833086037  
14895108694833087998  
14895108694833090318  
14895108694833092166  
14895108694833095209  
14895108694833097165  
14895108694833099375  
14895108694833101335  
14895108694833103540  
14895108694833105501  
14895108694833108541  
14895108694833158233  
14895108694833160516  
14895108694833162706  
14895108694833164681  
14895108694833166878  
14895108694833169679  
14895108694833171874  
14895108694833173854  
14895108694833176240  
14895108694833178017  
14895108694833179474  
14895108694833182190  
14895108694833184374  
14895108694833186357  
14895108694833188539  
14895108694833190523  
14895108694833193552  
14895108694833217221  
14895108694833219380  
14895108694833221364  
14895108694833223540  
14895108694833225528  
14895108694833228547  
14895108694833241144  
14895108694833249016  
14895108694833251871  
14895108694833308463  
14895108694833310537  
14895108694833312702  
14895108694833314711  
14895108694833426598  
14895108694833428888  
14895108694833431031  
14895108694833433055  
14895108694833435200  
14895108694833437224  
14895108694833439370  
14895108694833441393  
14895108694833443534  
14895108694833446397  
14895108694833448538  
14895108694833450571  
14895108694833452704  
14895108694833454733  
14895108694833461310  
14895108694833463899  
14895108694833543449  
14895108694833545606  
14895108694833607247  
14895108694833609361  
14895108694833612502  
14895108694833614361  
14895108694833616444  
14895108694833618529  
14895108694833621450  
14895108694833623531  
14895108694833625621  
14895108694833627691  
14895108694833629785  
14895108694833631841  
14895108694833633950  
14895108694833636028  
14895108694833638120  
14895108694833640207  
14895108694833654638  
14895108694833658120  
14895108694833733949  
14895108694833737275  
14895108694833779018  
14895108694833873749  
14895108694833882929  
14895108694833885187  
14895108694833887302  
14895108694833890185  
14895108694833892305  
14895108694833894351  
14895108694833896478  
14895108694833898632  
14895108694833900635  
14895108694833903844  
14895108694833905645  
14895108694833910237  
14895108694833912309  
14895108694833958006  
14895108694834069762  
14895108694834089420  
14895108694834091843  
14895108694834102689  
14895108694834110205  
14895108694834343649  
14895108694834346573  
14895108694834348524  
14895108694834349906  
14895108694834351853  
14895108694834461060  
14895108694834463266  
14895108694834465175  
14895108694834466600  
14895108694834468507  
14895108694834471052  
14895108694834472435  
14895108694834474344  
14895108694834475815  
14895108694834477796  
14895108694834479111  
14895108694834481891  
14895108694834483279  
14895108694834485192  
14895108694834500438  
14895108694834534564  
14895108694834536848  
14895108694834584573  
14895108694834586614  
14895108694834588507  
14895108694834667515  
14895108694834698245  
14895108694834700790  
14895108694834709641  
14895108694834710782  
14895108694834712668  
14895108694834714114  
14895108694834716890  
14895108694834718291  
14895108694834760021  
14895108694834761837  
14895108694834763298  
14895108694834765233  
14895108694834766629  
14895108694834790522  
14895108694834791825  
14895108694834792680  
14895108694834853149  
14895108694834856059  
14895108694834857473  
14895108694834859336  
14895108694834860807  
14895108694834869798  
14895108694834897850  
14895108694834901061  
14895108694834950890  
14895108694834953500  
14895108694834954980  
14895108694834956831  
14895108694834958317  
14895108694834961073  
14895108694834962488  
14895108694834964332  
14895108694834965823  
14895108694834967752  
14895108694834970231  
14895108694834971736  
14895108694834973504  
14895108694834975000  
14895108694834994463  
14895108694834996830  
14895108694834999399  
14895108694835083300  
14895108694835085167  
14895108694835086675  
14895108694835088498  
14895108694835090016  
14895108694835092738  
14895108694835094176  
14895108694835095993  
14895108694835097508  
14895108694835098559  
14895108694835099327  
14895108694835100998  
14895108694835103575  
14895108694835106829  
14895108694835234678  
14895108694835236004  
14895108694835238583  
14895108694835241003  
14895108694835242660  
14895108694835272409  
14895108694835309055  
14895108694835311024  
14895108694835312669  
14895108694835314369  
14895108694835316039  
14895108694835318582  
14895108694835320201  
14895108694835321829  
14895108694835323545  
14895108694835325212  
14895108694835326875  
14895108694835328133  
14895108694835329427  
14895108694835332718  
14895108694835334329  
14895108694835426301  
14895108694835427745  
14895108694835429321  
14895108694835431096  
14895108694835432755  
14895108694835434325  
14895108694835436092  
14895108694835437760  
14895108694835439437  
14895108694835549052  
14895108694835550152  
14895108694835551958  
14895108694835554445  
14895108694835555988  
14895108694835557788  
14895108694835560294  
14895108694835561822  
14895108694835563626  
14895108694835565155  
14895108694835566959  
14895108694835568609  
14895108694835570296  
14895108694835571821  
14895108694835637047  
14895108694835639481  
14895108694835641980  
14895108694835643488  
14895108694835645317  
14895108694835646822  
14895108694835648649  
14895108694835650149  
14895108694835651283  
14895108694835652827  
14895108694835654495  
14895108694835656159  
14895108694835657830  
14895108694835659494  
14895108694835661997  
14895108694835663671  
14895108694835665334  
14895108694835666997  
14895108694835670331  
14895108694835771998  
14895108694835774525  
14895108694835775979  
14895108694835777860  
14895108694835779314  
14895108694835781200  
14895108694835782654  
14895108694835784535  
14895108694835785982  
14895108694835787874  
14895108694835789315  
14895108694835791212  
14895108694835792654  
14895108694835794551  
14895108694835910586  
14895108694835912932  
14895108694835998687  
14895108694836000435  
14895108694836002649  
14895108694836004604  
14895108694836006816  
14895108694836008778  
14895108694836010988  
14895108694836012946  
14895108694836015149  
14895108694836017112  
14895108694836023689  
14895108694836025445  
14895108694836027647  
14895108694836029613  
14895108694836031812  
14895108694836036469  
14895108694836039727  
14895108694836041814  
14895108694836043783  
14895108694836131612  
14895108694836138794  
14895108694836140977  
14895108694836142962  
14895108694836144487  
14895108694836146296  
14895108694836148473  
14895108694836150466  
14895108694836152652  
14895108694836154644  
14895108694836156810  
14895108694836158804  
14895108694836160332  
14895108694836160983  
14895108694836165142  
14895108694836201485  
14895108694836242127  
14895108694836247990  
14895108694836253822  
14895108694836255971  
14895108694836257989  
14895108694836260139  
14895108694836262156  
14895108694836262746  
14895108694836264316  
14895108694836266331  
14895108694836268479  
14895108694836272640  
14895108694836274662  
14895108694836276196  
14895108694836277995  
14895108694836280139  
14895108694836313577  
14895108694836317224  
14895108694836319675  
14895108694836321806  
14895108694836387604  
14895108694836391362  
14895108694836396365  
14895108694836400545  
14895108694836404712  
14895108694836542714  
14895108694836544295  
14895108694836546395  
14895108694836548465  
14895108694836550567  
14895108694836552634  
14895108694836554734  
14895108694836556801  
14895108694836590388  
14895108694836743827  
14895108694836745965  
14895108694836750130  
14895108694836778160  
14895108694836786498  
14895108694836869120  
14895108694836871798  
14895108694836873279  
14895108694836875134  
14895108694836876619  
14895108694836900970  
14895108694836903279  
14895108694836905129  
14895108694836906616  
14895108694836908463  
14895108694836909954  
14895108694836911795  
14895108694836914131  
14895108694836915967  
14895108694836917466  
14895108694836919301  
14895108694836920801  
14895108694836922889  
14895108694836924134  
14895108694836958790  
14895108694836960966  
14895108694836962473  
14895108694836964299  
14895108694836966643  
14895108694836968462  
14895108694837151403  
14895108694837159419  
14895108694837159456  
14895108694837161234  
14895108694837162793  
14895108694837164468  
14895108694837166133  
14895108694837167805  
14895108694837169471  
14895108694837171238  
14895108694837172808  
14895108694837174471  
14895108694837176138  
14895108694837177807  
14895108694837179477  
14895108694837181241  
14895108694837182815  
14895108694837184485  
14895108694837187810  
14895108694837191287  
14895108694837194488  
14895108694837195950  
14895108694837247831  
14895108694837261159  
14895108694837262625  
14895108694837273457  
14895108694837279306  
14895108694837283279  
14895108694837285331  
14895108694837287079  
14895108694837287316  
14895108694837288669  
14895108694837290125  
14895108694837292004  
14895108694837293453  
14895108694837295339  
14895108694837297088  
14895108694837298674  
14895108694837300121  
14895108694837302010  
14895108694837305481  
14895108694837382074  
14895108694837384540  
14895108694837385947  
14895108694837387879  
14895108694837389284  
14895108694837391222  
14895108694837392618  
14895108694837394557  
14895108694837396783  
14895108694837399564  
14895108694837401784  
14895108694837403732  
14895108694837405955  
14895108694837407908  
14895108694837436980  
14895108694837439583  
14895108694837441788  
14895108694837443749  
14895108694837445958  
14895108694837447917  
14895108694837450117  
14895108694837452921  
14895108694837455117  
14895108694837457091  
14895108694837459285  
14895108694837461259  
14895108694837468759  
14895108694837470958  
14895108694837718803  
14895108694837728062  
14895108694837732224  
14895108694837736398  
14895108694837770623  
14895108694837773451  
14895108694837777613  
14895108694837779767  
14895108694837827303  
14895108694837830601  
14895108694837832612  
14895108694837834787  
14895108694837836779  
14895108694837838940  
14895108694837840947  
14895108694837967319  
14895108694837969276  
14895108694837971455  
14895108694837973441  
14895108694837975631  
14895108694837977606  
14895108694837979797  
14895108694837981770  
14895108694837983970  
14895108694837985943  
14895108694837988142  
14895108694837990104  
14895108694837992304  
14895108694837994273  
14895108694838122539  
14895108694838129861  
14895108694838131780  
14895108694838133188  
14895108694838135100  
14895108694838204339  
14895108694838206771  
14895108694838210101  
14895108694838213438  
14895108694838231781  
14895108694838281678  
14895108694838283437  
14895108694838284891  
14895108694838286771  
14895108694838288233  
14895108694838290498  
14895108694838291560  
14895108694838293433  
14895108694838294893  
14895108694838296831  
14895108694838309280  
14895108694838331442  
14895108694838341767  
14895108694838345095  
14895108694838410007  
14895108694838411761  
14895108694838413251  
14895108694838415115  
14895108694838423433  
14895108694838431765  
14895108694838436771  
14895108694838438252  
14895108694838440110  
14895108694838601014  
14895108694838602458  
14895108694838604253  
14895108694838604519  
14895108694838605930  
14895108694838607587  
14895108694838609132  
14895108694838610925  
14895108694838612597  
14895108694838614259  
14895108694838615928  
14895108694838617596  
14895108694838619154  
14895108694838620927  
14895108694838622606  
14895108694838624261  
14895108694838625941  
14895108694838627609  
14895108694838630927  
14895108694838632491  
14895108694838634257  
14895108694838635826  
14895108694838637592  
14895108694838639160  
14895108694838802460  
14895108694838804260  
14895108694838805924  
14895108694838807521  
14895108694838809256  
14895108694838810925  
14895108694838812587  
14895108694838814258  
14895108694838816695  
14895108694838818423  
14895108694838841709  
14895108694838844248  
14895108694838845916  
14895108694838847582  
14895108694838849195  
14895108694838850916  
14895108694838852592  
14895108694838854256  
14895108694838855924  
14895108694838857587  
14895108694838859203  
14895108694838860920  
14895108694838862589  
14895108694838864206  
14895108694838940264  
14895108694838942668  
14895108694838944225  
14895108694838945924  
14895108694838947587  
14895108694838949258  
14895108694838950897  
14895108694838952589  
14895108694838954254  
14895108694838955920  
14895108694838957585  
14895108694838959239  
14895108694838960920  
14895108694838962586  
14895108694838969278  
14895108694838970915  
14895108694839021654  
14895108694839023908  
14895108694839025907  
14895108694839027583  
14895108694839029257  
14895108694839030921  
14895108694839032589  
14895108694839034252  
14895108694839035916  
14895108694839037580  
14895108694839056403  
14895108694839058841  
14895108694839060920  
14895108694839063083  
14895108694839083275  
14895108694839085923  
14895108694839087594  
14895108694839089267  
14895108694839091772  
14895108694839093438  
14895108694839095107  
14895108694839096776  
14895108694839175889  
14895108694839178441  
14895108694839180112  
14895108694839181781  
14895108694839184286  
14895108694839185952  
14895108694839187620  
14895108694839189283  
14895108694839190954  
14895108694839192616  
14895108694839195123  
14895108694839196789  
14895108694839198453  
14895108694839200126  
14895108694839212697  
14895108694839215140  
14895108694839216343  
14895108694839216793  
14895108694839227704  
14895108694839233469  
14895108694839235133  
14895108694839239664  
14895108694839241798  
14895108694839243417  
14895108694839245136  
14895108694839246807  
14895108694839248418  
14895108694839250138  
14895108694839251804  
14895108694839362016  
14895108694839369338  
14895108694839370912  
14895108694839395080  
14895108694839404245  
14895108694839407804  
14895108694839411139  
14895108694839421139  
14895108694839436075  
14895108694839439248  
14895108694839442584  
14895108694839446570  
14895108694839450081  
14895108694839453412  
14895108694839496861  
14895108694839570206  
14895108694839572042  
14895108694839574236  
14895108694839576214  
14895108694839612728  
14895108694839615082  
14895108694839617052  
14895108694839619247  
14895108694839621227  
14895108694839623408  
14895108694839625395  
14895108694839627577  
14895108694839629567  
14895108694839631744  
14895108694839633741  
14895108694839635914  
14895108694839637909  
14895108694839640078  
14895108694839648199  
14895108694839650072  
14895108694839652085  
14895108694839654240  
14895108694839656239  
14895108694839658417  
14895108694839660412  
14895108694839662574  
14895108694839664576  
14895108694839677392  
14895108694839680412  
14895108694839682576  
14895108694839684582  
14895108694839686734  
14895108694839688751  
14895108694839692919  
14895108694839752101  
14895108694839764068  
14895108694839766261  
14895108694839768413  
14895108694839770432  
14895108694839772573  
14895108694839774601  
14895108694839776736  
14895108694839875382  
14895108694839877567  
14895108694839879611  
14895108694839880982  
14895108694839881744  
14895108694839886728  
14895108694839888789  
14895108694839890896  
14895108694839892955  
14895108694839893788  
14895108694839894936  
14895108694839899232  
14895108694839901295  
14895108694839903399  
14895108694839905467  
14895108694839908400  
14895108694840420262  
14895108694840425057  
14895108694840480010  
14895108694840483934  
14895108694840490072  
14895108694840520203  
14895108694840523097  
14895108694840525059  
14895108694840527299  
14895108694840530047  
14895108694840532167  
14895108694840532557  
14895108694840534774  
14895108694840536721  
14895108694840540880  
14895108694840543122  
14895108694840543666  
14895108694840545883  
14895108694840549215  
14895108694840550607  
14895108694840552547  
14895108694840553945  
14895108694840635315  
14895108694840656508  
14895108694840658111  
14895108694840660045  
14895108694840661441  
14895108694840664220  
14895108694840665628  
14895108694840667549  
14895108694840668954  
14895108694840670888  
14895108694840685987  
14895108694840686004  
14895108694840688386  
14895108694840691714  
14895108694840763230  
14895108694840939603  
14895108694840941711  
14895108694840961941  
14895108694840969221  
14895108694840994149  
14895108694840996460  
14895108694841147259  
14895108694841149207  
14895108694841151708  
14895108694841169513  
14895108694841171459  
14895108694841173373  
14895108694841174792  
14895108694841176708  
14895108694841244750  
14895108694841246713  
14895108694841248135  
14895108694841250041  
14895108694841251475  
14895108694841254210  
14895108694841255641  
14895108694841257542  
14895108694841258978  
14895108694841260879  
14895108694841262313  
14895108694841265042  
14895108694841266475  
14895108694841268379  
14895108694841330375  
14895108694841330708  
14895108694841332539  
14895108694841334006  
14895108694841335870  
14895108694841337337  
14895108694841339208  
14895108694841341711  
14895108694841343186  
14895108694841345037  
14895108694841348369  
14895108694841349851  
14895108694841352545  
14895108694841354183  
14895108694841355867  
14895108694841356874  
14895108694841357354  
14895108694841362532  
14895108694841364029  
14895108694841365864  
14895108694841467191  
14895108694841475870  
14895108694841477398  
14895108694841479201  
14895108694841480744  
14895108694841482532  
14895108694841484079  
14895108694841485872  
14895108694841487413  
14895108694841489201  
14895108694841490752  
14895108694841492543  
14895108694841495034  
14895108694841496590  
14895108694841505133  
14895108694841530119  
14895108694841596164  
14895108694841599195  
14895108694841600770  
14895108694841602529  
14895108694841604106  
14895108694841605857  
14895108694841607436  
14895108694841607528  
14895108694841610229  
14895108694841611698  
14895108694841613363  
14895108694841615031  
14895108694841616695  
14895108694841618363  
14895108694841620861  
14895108694841698444  
14895108694841700871  
14895108694841705035  
14895108694841706691  
14895108694841709220  
14895108694841710794  
14895108694841712523  
14895108694841714192  
14895108694841715800  
14895108694841717527  
14895108694841720039  
14895108694841721644  
14895108694841764764  
14895108694841766695  
14895108694841769205  
14895108694841770859  
14895108694841772526  
14895108694841774203  
14895108694841775854  
14895108694841847625  
14895108694841856277  
14895108694841858367  
14895108694841860029  
14895108694841861695  
14895108694841863328  
14895108694841870299  
14895108694842006219  
14895108694842011691  
14895108694842013360  
14895108694842015013  
14895108694842016692  
14895108694842018378  
14895108694842020018  
14895108694842021693  
14895108694842021726  
14895108694842023356  
14895108694842025031  
14895108694842026691  
14895108694842029224  
14895108694842037764  
14895108694842039188  
14895108694842064435  
14895108694842114334  
14895108694842208639  
14895108694842211717  
14895108694842229357  
14895108694842266516  
14895108694842269218  
14895108694842291420  
14895108694842321154  
14895108694842409157  
14895108694842608259  
14895108694842610922  
14895108694842611424  
14895108694842612511  
14895108694842616760  
14895108694842618341  
14895108694842620098  
14895108694842621766  
14895108694842623432  
14895108694842625933  
14895108694842627605  
14895108694842629190  
14895108694842679993  
14895108694842992755  
14895108694842994169  
14895108694842996839  
14895108694842998338  
14895108694843000173  
14895108694843001672  
14895108694843003499  
14895108694843004999  
14895108694843074168  
14895108694843075997  
14895108694843077495  
14895108694843079330  
14895108694843080829  
14895108694843082673  
14895108694843086844  
14895108694843090184  
14895108694843094360  
14895108694843097698  
14895108694843101034  
14895108694843105201  
14895108694843108534  
14895108694843110194  
14895108694843111874  
14895108694843113338  
14895108694843170655  
14895108694843179585  
14895108694843180831  
14895108694843182840  
14895108694843185002  
14895108694843187845  
14895108694843312855  
14895108694843315017  
14895108694843318944  
14895108694843321187  
14895108694843323332  
14895108694843325357  
14895108694843327500  
14895108694843329527  
14895108694843331668  
14895108694843333698  
14895108694843335832  
14895108694843337868  
14895108694843339998  
14895108694843342040  
14895108694843421082  
14895108694843422866  
14895108694843424994  
14895108694843427032  
14895108694843429158  
14895108694843431211  
14895108694843433324  
14895108694843435386  
14895108694843437495  
14895108694843439552  
14895108694843441654  
14895108694843444557  
14895108694843446657  
14895108694843448722  
14895108694843621930  
14895108694843632915  
14895108694843643319  
14895108694843650281  
14895108694843752404  
14895108694843933071  
14895108694843940423  
14895108694843942634  
14895108694843944600  
14895108694843946653  
14895108694843948775  
14895108694843950823  
14895108694843952947  
14895108694843954981  
14895108694843957119  
14895108694843959151  
14895108694843961289  
14895108694843963320  
14895108694843965467  
14895108694844255522  
14895108694844270075  
14895108694844428359  
14895108694844585599  
14895108694844593887  
14895108694844597221  
14895108694844614136  
14895108694844617220  
14895108694844647687  
14895108694844672369  
14895108694844700708  
14895108694844967826  
14895108694844969965  
14895108694844971414  
14895108694844973293  
14895108694844975583  
14895108694844977461  
14895108694844978917  
14895108694844980796  
14895108694844982253  
14895108694844984130  
14895108694844986421  
14895108694844988296  
14895108694844989754  
14895108694844991629  
14895108694844995566  
14895108694845023624  
14895108694845025799  
14895108694845120923  
14895108694845123299  
14895108694845125644  
14895108694845127461  
14895108694845128984  
14895108694845130790  
14895108694845132322  
14895108694845134349  
14895108694845135661  
14895108694845137457  
14895108694845139126  
14895108694845140664  
14895108694845190091  
14895108694845193299  
14895108694845196875  
14895108694845199006  
14895108694845200787  
14895108694845202454  
14895108694845204122  
14895108694845205829  
14895108694845275538  
14895108694845277459  
14895108694845279019  
14895108694845280785  
14895108694845282350  
14895108694845284117  
14895108694845286517  
14895108694845288284  
14895108694845289862  
14895108694845291626  
14895108694845294963  
14895108694845299122  
14895108694845384906  
14895108694845391620  
14895108694845393291  
14895108694845394953  
14895108694845396556  
14895108694845398281  
14895108694845400208  
14895108694845401560  
14895108694845403288  
14895108694845404955  
14895108694845406623  
14895108694845408544  
14895108694845423940  
14895108694845426622  
14895108694845428288  
14895108694845429897  
14895108694845431622  
14895108694845434066  
14895108694845435789  
14895108694845437403  
14895108694845437872  
14895108694845439125  
14895108694845440786  
14895108694845442456  
14895108694845444083  
14895108694845447451  
14895108694845511155  
14895108694845513289  
14895108694845515218  
14895108694845516589  
14895108694845518284  
14895108694845519952  
14895108694845521614  
14895108694845523281  
14895108694845525129  
14895108694845527451  
14895108694845529112  
14895108694845530781  
14895108694845532482  
14895108694845534116  
14895108694845536593  
14895108694845538284  
14895108694845539957  
14895108694845541617  
14895108694845543288  
14895108694845544956  
14895108694845546886  
14895108694845548279  
14895108694845567193  
14895108694845569120  
14895108694845570786  
14895108694845573272  
14895108694845599161  
14895108694845601621  
14895108694845613750  
14895108694845615784  
14895108694845617447  
14895108694845619394  
14895108694845620780  
14895108694845622456  
14895108694845624116  
14895108694845625790  
14895108694845627454  
14895108694845629118  
14895108694845630791  
14895108694845632452  
14895108694845651641  
14895108694845653289  
14895108694845655231  
14895108694845656621  
14895108694845661146  
14895108694845662442  
14895108694845664125  
14895108694845665949  
14895108694845667731  
14895108694845669124  
14895108694845670791  
14895108694845672465  
14895108694845695112  
14895108694845696783  
14895108694845702462  
14895108694845704133  
14895108694845739726  
14895108694845745801  
14895108694845759115  
14895108694845783805  
14895108694845785444  
14895108694845785807  
14895108694845787474  
14895108694845789146  
14895108694845790806  
14895108694845792481  
14895108694845795814  
14895108694845797480  
14895108694845799147  
14895108694845800813  
14895108694845802480  
14895108694845804403  
14895108694845805892  
14895108694845807502  
14895108694845809167  
14895108694845810815  
14895108694845812184  
14895108694845815854  
14895108694845817496  
14895108694845819336  
14895108694845845816  
14895108694845848328  
14895108694845860314  
14895108694845863330  
14895108694845865001  
14895108694845904941  
14895108694845913331  
14895108694845925634  
14895108694845928330  
14895108694845930244  
14895108694845931365  
14895108694845950609  
14895108694845953923  
14895108694845992032  
14895108694846090928  
14895108694846092434  
14895108694846094192  
14895108694846110157  
14895108694846175521  
14895108694846189095  
14895108694846191700  
14895108694846193268  
14895108694846216872  
14895108694846252379  
14895108694846255025  
14895108694846256594  
14895108694846258454  
14895108694846275928  
14895108694846304828  
14895108694846306854  
14895108694846308270  
14895108694846310036  
14895108694846364149  
14895108694846366711  
14895108694846370784  
14895108694846443761  
14895108694846447875  
14895108694846482567  
14895108694846484209  
14895108694846616920  
14895108694846618567  
14895108694846640900  
14895108694846668780  
14895108694846751861  
14895108694846759217  
14895108694846760758  
14895108694846762552  
14895108694846782357  
14895108694846791322  
14895108694846893371  
14895108694846895274  
14895108694846896717  
14895108694846898256  
14895108694846900059  
14895108694846901587  
14895108694846903393  
14895108694846904983  
14895108694846906726  
14895108694846908251  
14895108694846910061  
14895108694846911585  
14895108694846913396  
14895108694846914915  
14895108694846997617  
14895108694847022073  
14895108694847023253  
14895108694847025086  
14895108694847121403  
14895108694847122413  
14895108694847124263  
14895108694847125752  
14895108694847127615  
14895108694847203066  
14895108694847205111  
14895108694847233941  
14895108694847347115  
14895108694847349916  
14895108694847353643  
14895108694847356587  
14895108694847359918  
14895108694847363637  
14895108694847366582  
14895108694847369919  
14895108694847374086  
14895108694847377420  
14895108694847380753  
14895108694847383251  
14895108694847387412  
14895108694847389359  
14895108694847466225  
14895108694847468573  
14895108694847483179  
14895108694847485382  
14895108694847487406  
14895108694847572726  
14895108694847581222  
14895108694847582889  
14895108694847585744  
14895108694847587896  
14895108694847589916  
14895108694847592050  
14895108694847594069  
14895108694847596223  
14895108694847600394  
14895108694847604568  
14895108694847608744  
14895108694847612907  
14895108694847617083  
14895108694848072248  
14895108694848074055  
14895108694848076288  
14895108694848079629  
14895108694848082968  
14895108694848086303  
14895108694848089659  
14895108694848093005  
14895108694848096354  
14895108694848099677  
14895108694848103009  
14895108694848106347  
14895108694848109681  
14895108694848113017  
14895108694848303505  
14895108694848437987  
14895108694848440370  
14895108694848441485  
14895108694848443219  
14895108694848444884  
14895108694848446498  
14895108694848449805  
14895108694848451509  
14895108694848453227  
14895108694848454844  
14895108694848456558  
14895108694848458225  
14895108694848459895  
14895108694848461514  
14895108694848479346  
14895108694848481562  
14895108694848483223  
14895108694848484892  
14895108694848530698  
14895108694848532888  
14895108694848534022  
14895108694848535722  
14895108694848537393  
14895108694848539059  
14895108694848540689  
14895108694848542384  
14895108694848543967  
14895108694848544059  
14895108694848545726  
14895108694848547397  
14895108694848549059  
14895108694848550700  
14895108694848552395  
14895108694848554058  
14895108694848555721  
14895108694848557387  
14895108694848559056  
14895108694848560706  
14895108694848562395  
14895108694848647102  
14895108694848649058  
14895108694848650719  
14895108694848652374  
14895108694848654049  
14895108694848655713  
14895108694848657382  
14895108694848659048  
14895108694848662378  
14895108694848665715  
14895108694848669057  
14895108694848673230  
14895108694848676567  
14895108694848679907  
14895108694848756146  
14895108694848758244  
14895108694848759923  
14895108694848762059  
14895108694848764100  
14895108694848767426  
14895108694848770764  
14895108694848774933  
14895108694848778266  
14895108694848781603  
14895108694848785770  
14895108694848789104  
14895108694848793276  
14895108694848796613  
14895108694848802129  
14895108694848812412  
14895108694848814106  
14895108694848815776  
14895108694848817911  
14895108694848819113  
14895108694848820782  
14895108694848822444  
14895108694848832909  
14895108694848834880  
14895108694848836616  
14895108694849021005  
14895108694849024462  
14895108694849026660  
14895108694849028217  
14895108694849029998  
14895108694849032098  
14895108694849034174  
14895108694849035719  
14895108694849037504  
14895108694849039049  
14895108694849040837  
14895108694849042922  
14895108694849045003  
14895108694849046540  
14895108694849127281  
14895108694849129214  
14895108694849131275  
14895108694849133386  
14895108694849134877  
14895108694849136728  
14895108694849138213  
14895108694849140059  
14895108694849141545  
14895108694849143398  
14895108694849144878  
14895108694849146732  
14895108694849148211  
14895108694849150067  
14895108694849156007  
14895108694849157569  
14895108694849159039  
14895108694849160904  
14895108694849162372  
14895108694849164245  
14895108694849165711  
14895108694849167589  
14895108694849169054  
14895108694849170925  
14895108694849172376  
14895108694849175091  
14895108694849176540  
14895108694849178430  
14895108694849243639  
14895108694849245930  
14895108694849247370  
14895108694849249265  
14895108694849249674  
14895108694849250716  
14895108694849252610  
14895108694849254040  
14895108694849255940  
14895108694849257954  
14895108694849259285  
14895108694849260712  
14895108694849262617  
14895108694849264043  
14895108694849265954  
14895108694849267955  
14895108694849269295  
14895108694849270714  
14895108694849272631  
14895108694849274042  
14895108694849275965  
14895108694849277956  
14895108694849279303  
14895108694849280713  
14895108694849282635  
14895108694849285970  
14895108694849288206  
14895108694849290141  
14895108694849343904  
14895108694849345992  
14895108694849348211  
14895108694849350163  
14895108694849352377  
14895108694849354330  
14895108694849356546  
14895108694849358499  
14895108694849360712  
14895108694849362666  
14895108694849364878  
14895108694849366831  
14895108694849369061  
14895108694849371004  
14895108694849497896  
14895108694849500415  
14895108694849528214  
14895108694849536044  
14895108694849538204  
14895108694849540214  
14895108694849542371  
14895108694849544374  
14895108694849546536  
14895108694849547712  
14895108694849594865  
14895108694849596886  
14895108694849599031  
14895108694849601050  
14895108694849603201  
14895108694849604388  
14895108694849606534  
14895108694849608552  
14895108694849610701  
14895108694849612727  
14895108694849614868  
14895108694849616899  
14895108694849619034  
14895108694849621063  
14895108694849632817  
14895108694849636063  
14895108694849638193  
14895108694849640246  
14895108694849642366  
14895108694849644409  
14895108694849646548  
14895108694849648580  
14895108694849650699  
14895108694849652750  
14895108694849654858  
14895108694849656928  
14895108694849661092  
14895108694849665263  
14895108694849733005  
14895108694849735267  
14895108694849737362  
14895108694849737634  
14895108694849739446  
14895108694849741534  
14895108694849743611  
14895108694849745701  
14895108694849747782  
14895108694849749866  
14895108694849751955  
14895108694849753835  
14895108694849758198  
14895108694849760281  
14895108694849762359  
14895108694849764452  
14895108694849767361  
14895108694849769449  
14895108694849771528  
14895108694849773619  
14895108694849775692  
14895108694849780500  
14895108694849783195  
14895108694849785289  
14895108694849800172  
14895108694849807793  
14895108694849809864  
14895108694849993060  
14895108694850000441  
14895108694850002300  
14895108694850003773  
14895108694850005696  
14895108694850007111  
14895108694850009034  
14895108694850010448  
14895108694850013194  
14895108694850014612  
14895108694850016520  
14895108694850017967  
14895108694850021301  
14895108694850025475  
14895108694850074261  
14895108694850076515  
14895108694850077145  
14895108694850077986  
14895108694850080687  
14895108694850082157  
14895108694850084020  
14895108694850085499  
14895108694850087363  
14895108694850088835  
14895108694850091523  
14895108694850093194  
14895108694850095694  
14895108694850097366  
14895108694850099861  
14895108694850103193  
14895108694850104677  
14895108694850106745  
14895108694850108011  
14895108694850181080  
14895108694850183189  
14895108694850184687  
14895108694850187351  
14895108694850188855  
14895108694850190687  
14895108694850192187  
14895108694850194017  
14895108694850195519  
14895108694850198181  
14895108694850199687  
14895108694850201519  
14895108694850201628  
14895108694850203028  
14895108694850204857  
14895108694850206523  
14895108694850209023  
14895108694850212350  
14895108694850213878  
14895108694850215679  
14895108694850217217  
14895108694850219851  
14895108694850221385  
14895108694850223183  
14895108694850224854  
14895108694850226400  
14895108694850228167  
14895108694850229727  
14895108694850255891  
14895108694850257358  
14895108694850258899  
14895108694850260685  
14895108694850279231  
14895108694850281518  
14895108694850283075  
14895108694850284853  
14895108694850286412  
14895108694850288183  
14895108694850290682  
14895108694850292254  
14895108694850294017  
14895108694850295585  
14895108694850297354  
14895108694850298921  
14895108694850301516  
14895108694850303183  
14895108694850355027  
14895108694850362355  
14895108694850363931  
14895108694850366520  
14895108694850368184  
14895108694850369766  
14895108694850371513  
14895108694850373096  
14895108694850374843  
14895108694850432745  
14895108694850435685  
14895108694850444857  
14895108694850454859  
14895108694850460691  
14895108694850462351  
14895108694850464016  
14895108694850480992  
14895108694850484013  
14895108694850487347  
14895108694850490684  
14895108694850492347  
14895108694850494848  
14895108694850532546  
14895108694850533965  
14895108694850536548  
14895108694850538178  
14895108694850539846  
14895108694850655825  
14895108694850662350  
14895108694850664008  
14895108694850667089  
14895108694850668123  
14895108694850669839  
14895108694850763949  
14895108694850765684  
14895108694850767349  
14895108694850769010  
14895108694850770691  
14895108694850772342  
14895108694850774012  
14895108694850775680  
14895108694850777347  
14895108694850779004  
14895108694850781522  
14895108694850783170  
14895108694850784840  
14895108694850786501  
14895108694850975265  
14895108694850982333  
14895108694850985666  
14895108694850989858  
14895108694850993165  
14895108694850996496  
14895108694850998802  
14895108694851000705  
14895108694851002361  
14895108694851004005  
14895108694851005685  
14895108694851007345  
14895108694851009034  
14895108694851010677  
14895108694851012350  
14895108694851014116  
14895108694851015691  
14895108694851017353  
14895108694851019617  
14895108694851019870  
14895108694851021539  
14895108694851023201  
14895108694851024862  
14895108694851026540  
14895108694851030711  
14895108694851032335  
14895108694851033351  
14895108694851034047  
14895108694851035717  
14895108694851037387  
14895108694851039070  
14895108694851041553  
14895108694851043220  
14895108694851046555  
14895108694851048225  
14895108694851050725  
14895108694851052390  
14895108694851054055  
14895108694851055725  
14895108694851057394  
14895108694851081748  
14895108694851084060  
14895108694851085729  
14895108694851087401  
14895108694851102588  
14895108694851103997  
14895108694851105737  
14895108694851108238  
14895108694851109837  
14895108694851111573  
14895108694851113241  
14895108694851114911  
14895108694851116549  
14895108694851118247  
14895108694851119915  
14895108694851121502  
14895108694851123254  
14895108694851124920  
14895108694851164948  
14895108694851166678  
14895108694851167429  
14895108694851169094  
14895108694851170756  
14895108694851172427  
14895108694851174094  
14895108694851176601  
14895108694851180145  
14895108694851194438  
14895108694851198281  
14895108694851215038  
14895108694851216505  
14895108694851218271  
14895108694851219945  
14895108694851221608  
14895108694851224940  
14895108694851292001  
14895108694851294948  
14895108694851296496  
14895108694851298295  
14895108694851299830  
14895108694851301621  
14895108694851303283  
14895108694851304830  
14895108694851306622  
14895108694851308160  
14895108694851309390  
14895108694851309967  
14895108694851311637  
14895108694851314132  
14895108694851315807  
14895108694851317473  
14895108694851320814  
14895108694851330525  
14895108694851338818  
14895108694851339973  
14895108694851436565  
14895108694851439159  
14895108694851440665  
14895108694851442497  
14895108694851443995  
14895108694851445829  
14895108694851448329  
14895108694851449829  
14895108694851451681  
14895108694851463108  
14895108694851502398  
14895108694851503650  
14895108694851506670  
14895108694851508159  
14895108694851509999  
14895108694851511492  
14895108694851513413  
14895108694851514827  
14895108694851517516  
14895108694851528580  
14895108694851577290  
14895108694851579166  
14895108694851580649  
14895108694851581018  
14895108694851583986  
14895108694851585842  
14895108694851587321  
14895108694851589181  
14895108694851590654  
14895108694851593354  
14895108694851594822  
14895108694851611502  
14895108694851724726  
14895108694851728572  
14895108694851730710  
14895108694851730859  
14895108694851733365  
14895108694851734824  
14895108694851736697  
14895108694851738159  
14895108694851740035  
14895108694851741494  
14895108694851744201  
14895108694851745660  
14895108694851747538  
14895108694851748991  
14895108694851750867  
14895108694851751464  
14895108694851752326  
14895108694851755050  
14895108694851756486  
14895108694851758380  
14895108694851759821  
14895108694851761863  
14895108694851762080  
14895108694851763158  
14895108694851765901  
14895108694851765902  
14895108694851769225  
14895108694851769226  
14895108694851772553  
14895108694851774921  
14895108694851812186  
14895108694851814232  
14895108694851815652  
14895108694851817563  
14895108694851818985  
14895108694851821737  
14895108694851863321  
14895108694851893797  
14895108694851932956  
14895108694851935075  
14895108694851936488  
14895108694851938410  
14895108694851939819  
14895108694851942584  
14895108694851943992  
14895108694851945937  
14895108694851948148  
14895108694851950111  
14895108694851952317  
14895108694851954277  
14895108694851957807  
14895108694851960241  
14895108694851960953  
14895108694851963155  
14895108694851967316  
14895108694852034237  
14895108694852041788  
14895108694852043987  
14895108694852045961  
14895108694852048151  
14895108694852050954  
14895108694852053151  
14895108694852055128  
14895108694852057321  
14895108694852059297  
14895108694852060770  
14895108694852062634  
14895108694852064819  
14895108694852066797  
14895108694852073197  
14895108694852075133  
14895108694852077310  
14895108694852079301  
14895108694852081479  
14895108694852083476  
14895108694852085652  
14895108694852087645  
14895108694852089817  
14895108694852091807  
14895108694852093985  
14895108694852095834  
14895108694852096001  
14895108694852098147  
14895108694852100152  
14895108694852102314  
14895108694852104317  
14895108694852106485  
14895108694852110646  
14895108694852113486  
14895108694852162610  
14895108694852164819  
14895108694852166830  
14895108694852168980  
14895108694852171838  
14895108694852173995  
14895108694852175999  
14895108694852178149  
14895108694852180178  
14895108694852180265  
14895108694852182314  
14895108694852184339  
14895108694852186479  
14895108694852188505  
14895108694852190649  
14895108694852192676  
14895108694852194813  
14895108694852196848  
14895108694852198976  
14895108694852201016  
14895108694852205185  
14895108694852207333  
14895108694852210190  
14895108694852212310  
14895108694852214359  
14895108694852216477  
14895108694852218531  
14895108694852220644  
14895108694852237162  
14895108694852245211  
14895108694852266162  
14895108694852271042  
14895108694852279813  
14895108694852288981  
14895108694852296651  
14895108694852299377  
14895108694852301482  
14895108694852303546  
14895108694852305651  
14895108694852307718  
14895108694852314696  
14895108694852351793  
14895108694852354380  
14895108694852356472  
14895108694852358558  
14895108694852360647  
14895108694852362724  
14895108694852364813  
14895108694852366899  
14895108694852368974  
14895108694852371895  
14895108694852373972  
14895108694852376062  
14895108694852378142  
14895108694852380230  
14895108694852380657  
14895108694852398289  
14895108694852401309  
14895108694852403139  
14895108694852405235  
14895108694852407305  
14895108694852409418  
14895108694852417717  
14895108694852528315  
14895108694852536072  
14895108694852538140  
14895108694852540235  
14895108694852542467  
14895108694852544403  
14895108694852546465  
14895108694852547670  
14895108694852548572  
14895108694852548819  
14895108694852550643  
14895108694852552750  
14895108694852554978  
14895108694852556910  
14895108694852558972  
14895108694852563129  
14895108694852565259  
14895108694852568311  
14895108694852570258  
14895108694852572301  
14895108694852581101  
14895108694852590269  
14895108694852593012  
14895108694852593781  
14895108694852595269  
14895108694852597303  
14895108694852599435  
14895108694852603601  
14895108694852623418  
14895108694852625272  
14895108694852694163  
14895108694852696113  
14895108694852698139  
14895108694852700275  
14895108694852702302  
14895108694852704438  
14895108694852706304  
14895108694852708610  
14895108694852710631  
14895108694852712913  
14895108694852714796  
14895108694852716946  
14895108694852718980  
14895108694852723228  
14895108694852725283  
14895108694852727486  
14895108694852729455  
14895108694852731464  
14895108694852767567  
14895108694852791590  
14895108694852798633  
14895108694852800823  
14895108694852802797  
14895108694852826900  
14895108694852828961  
14895108694852852822  
14895108694852919290  
14895108694852921976  
14895108694853015825  
14895108694853106249  
14895108694853108644  
14895108694853254503  
14895108694853256454  
14895108694853258661  
14895108694853260620  
14895108694853262830  
14895108694853264791  
14895108694853267026  
14895108694853269095  
14895108694853271167  
14895108694853273120  
14895108694853275339  
14895108694853293497  
14895108694853339719  
14895108694853351717  
14895108694853352842  
14895108694853439964  
14895108694853447014  
14895108694853448951  
14895108694853451188  
14895108694853453114  
14895108694853455349  
14895108694853457283  
14895108694853458689  
14895108694853460621  
14895108694853568961  
14895108694853570617  
14895108694853572025  
14895108694853573950  
14895108694853576309  
14895108694853578115  
14895108694853849834  
14895108694853857286  
14895108694853861446  
14895108694853863110  
14895108694853864777  
14895108694853866440  
14895108694853868110  
14895108694853870020  
14895108694853871395  
14895108694853873107  
14895108694853874788  
14895108694853876448  
14895108694853878910  
14895108694853880610  
14895108694853931468  
14895108694853933106  
14895108694853934776  
14895108694853936699  
14895108694853938087  
14895108694853939779  
14895108694853941443  
14895108694853943113  
14895108694853944780  
14895108694853946700  
14895108694854133354  
14895108694854134459  
14895108694854134766  
14895108694854136438  
14895108694854138115  
14895108694854139773  
14895108694854141431  
14895108694854143366  
14895108694854144774  
14895108694854146445  
14895108694854148117  
14895108694854149781  
14895108694854151447  
14895108694854153119  
14895108694854156456  
14895108694854158120  
14895108694854160623  
14895108694854161554  
14895108694854163981  
14895108694854165647  
14895108694854167311  
14895108694854168993  
14895108694854170656  
14895108694854172328  
14895108694854173987  
14895108694854177339  
14895108694854180661  
14895108694854215762  
14895108694854217271  
14895108694854219045  
14895108694854220713  
14895108694854265287  
14895108694854267376  
14895108694854268821  
14895108694854269064  
14895108694854270724  
14895108694854275137  
14895108694854276429  
14895108694854278219  
14895108694854279886  
14895108694854281759  
14895108694854283381  
14895108694854295803  
14895108694854323816  
14895108694854344227  
14895108694854346560  
14895108694854348387  
14895108694854349895  
14895108694854351439  
14895108694854353238  
14895108694854355261  
14895108694854372425  
14895108694854398571  
14895108694854399773  
14895108694854402395  
14895108694854403672  
14895108694854403939  
14895108694854407399  
14895108694854408929  
14895108694854410739  
14895108694854464975  
14895108694854466600  
14895108694854468241  
14895108694854469759  
14895108694854471572  
14895108694854473092  
14895108694854474909  
14895108694854476429  
14895108694854478252  
14895108694854490870  
14895108694854587364  
14895108694854589922  
14895108694854591433  
14895108694854593258  
14895108694854594764  
14895108694854596603  
14895108694854598100  
14895108694854599927  
14895108694854601424  
14895108694854603256  
14895108694854604757  
14895108694854606606  
14895108694854609946  
14895108694854614117  
14895108694855930702  
14895108694855933263  
14895108694855949904  
14895108694855954926  
14895108694855956396  
14895108694855958259  
14895108694855960051  
14895108694855961598  
14895108694855963066  
14895108694855964934  
14895108694855966403  
14895108694855968276  
14895108694855970061  
14895108694855971605  
14895108694855973068  
14895108694855974940  
14895108694855976397  
14895108694856085546  
14895108694856087475  
14895108694856088899  
14895108694856090817  
14895108694856092236  
14895108694856094979  
14895108694856178182  
14895108694856179992  
14895108694856181397  
14895108694856183321  
14895108694856249598  
14895108694856337313  
14895108694856339994  
14895108694856341391  
14895108694856343331  
14895108694856344731  
14895108694856359562  
14895108694856416671  
14895108694856419161  
14895108694856422507  
14895108694856426669  
14895108694856430010  
14895108694856509972  
14895108694856517528  
14895108694856521686  
14895108694856525857  
14895108694856530025  
14895108694856534186  
14895108694856536388  
14895108694856538355  
14895108694856540556  
14895108694856581816  
14895108694856594565  
14895108694856597533  
14895108694856599714  
14895108694856601702  
14895108694856603884  
14895108694856605878  
14895108694856608056  
14895108694856610048  
14895108694856612219  
14895108694856614364  
14895108694856616386  
14895108694856618398  
14895108694856620550  
14895108694856622560  
14895108694856692866  
14895108694856697639  
14895108694856700069  
14895108694856702226  
14895108694856704243  
14895108694856706389  
14895108694856708425  
14895108694856710553  
14895108694856712588  
14895108694856714725  
14895108694856716763  
14895108694856718888  
14895108694856720935  
14895108694856723052  
14895108694856734672  
14895108694856737610  
14895108694856739714  
14895108694856761709  
14895108694856763884  
14895108694856765945  
14895108694856768054  
14895108694856770120  
14895108694856771780  
14895108694856773885  
14895108694856775950  
14895108694856778050  
14895108694856780124  
14895108694856782222  
14895108694856784294  
14895108694856786382  
14895108694856788460  
14895108694856861444  
14895108694856864289  
14895108694856866379  
14895108694856868463  
14895108694856869358  
14895108694856870547  
14895108694856872629  
14895108694856874710  
14895108694856876800  
14895108694856878889  
14895108694856880979  
14895108694856883054  
14895108694856885151  
14895108694856887220  
14895108694856889321  
14895108694856891819  
14895108694856893885  
14895108694856895984  
14895108694856898055  
14895108694856900155  
14895108694856902224  
14895108694856904330  
14895108694856906385  
14895108694856908499  
14895108694856910551  
14895108694856914721  
14895108694856916916  
14895108694856918882  
14895108694856945783  
14895108694856968460  
14895108694856980552  
14895108694856984713  
14895108694856994725  
14895108694857001619  
14895108694857003522  
14895108694857005553  
14895108694857021311  
14895108694857028536  
14895108694857030550  
14895108694857032711  
14895108694857034717  
14895108694857036874  
14895108694857038880  
14895108694857041047  
14895108694857043054  
14895108694857045216  
14895108694857047224  
14895108694857049378  
14895108694857051379  
14895108694857052767  
14895108694857055543  
14895108694857063332  
14895108694857065129  
14895108694857066884  
14895108694857068880  
14895108694857071054  
14895108694857073044  
14895108694857075225  
14895108694857077208  
14895108694857079392  
14895108694857083564  
14895108694857087750  
14895108694857091076  
14895108694857093053  
14895108694857157217  
14895108694857159683  
14895108694857160236  
14895108694857162215  
14895108694857164410  
14895108694857166917  
14895108694857168877  
14895108694857171086  
14895108694857173057  
14895108694857175253  
14895108694857177754  
14895108694857179710  
14895108694857181926  
14895108694857186097  
14895108694857188041  
14895108694857190273  
14895108694857192208  
14895108694857193598  
14895108694857195538  
14895108694857196936  
14895108694857199814  
14895108694857214770  
14895108694857221942  
14895108694857223873  
14895108694857225274  
14895108694857227206  
14895108694857229447  
14895108694857273537  
14895108694857275542  
14895108694857287704  
14895108694857289704  
14895108694857291111  
14895108694857293050  
14895108694857294455  
14895108694857296374  
14895108694857297785  
14895108694857299704  
14895108694857301117  
14895108694857303053  
14895108694857304457  
14895108694857306372  
14895108694857307790  
14895108694857309706  
14895108694857314321  
14895108694857316127  
14895108694857318040  
14895108694857319460  
14895108694857344204  
14895108694857346137  
14895108694857368347  
14895108694857371148  
14895108694857373053  
14895108694857374470  
14895108694857376379  
14895108694857377809  
14895108694857379703  
14895108694857381146  
14895108694857383048  
14895108694857434932  
14895108694857443053  
14895108694857578434  
14895108694857580536  
14895108694857581998  
14895108694857583866  
14895108694857585332  
14895108694857587198  
14895108694857588672  
14895108694857590531  
14895108694857592004  
14895108694857593867  
14895108694857595340  
14895108694857597200  
14895108694857598681  
14895108694857600536  
14895108694857652957  
14895108694857654527  
14895108694857654701  
14895108694857656372  
14895108694857657856  
14895108694857659701  
14895108694857661370  
14895108694857663035  
14895108694857664708  
14895108694857666371  
14895108694857667859  
14895108694857671367  
14895108694857672857  
14895108694857674741  
14895108694857676214  
14895108694857678032  
14895108694857679525  
14895108694857681363  
14895108694857682857  
14895108694857684698  
14895108694857734267  
14895108694857736310  
14895108694857738027  
14895108694857739527  
14895108694857741363  
14895108694857742864  
14895108694857744695  
14895108694857746246  
14895108694857748025  
14895108694857749533  
14895108694857751361  
14895108694857824776  
14895108694857832198  
14895108694857833707  
14895108694857835526  
14895108694857837053  
14895108694857838854  
14895108694857840387  
14895108694857842674  
14895108694857845526  
14895108694857848860  
14895108694857851905  
14895108694857852192  
14895108694857855533  
14895108694857885650  
14895108694857888043  
14895108694857889712  
14895108694857891383  
14895108694857915804  
14895108694857918052  
14895108694857956843  
14895108694857995834  
14895108694858003064  
14895108694858004728  
14895108694858006853  
14895108694858008899  
14895108694858010571  
14895108694858012196  
14895108694858013907  
14895108694858024727  
14895108694858035430  
14895108694858044469  
14895108694858047266  
14895108694858049749  
14895108694858055525  
14895108694858057271  
14895108694858058938  
14895108694858071270  
14895108694858072273  
14895108694858072795  
14895108694858077698  
14895108694858078969  
14895108694858092191  
14895108694858555380  
14895108694858580108  
14895108694858582292  
14895108694858583851  
14895108694858585626  
14895108694858587186  
14895108694858588956  
14895108694858772998  
14895108694858773603  
14895108694858774807  
14895108694858776446  
14895108694858778115  
14895108694858779813  
14895108694858782293  
14895108694858783965  
14895108694858784408  
14895108694858785631  
14895108694858787601  
14895108694858787622  
14895108694858787857  
14895108694858789018  
14895108694858790649  
14895108694858790667  
14895108694858790668  
14895108694858791687  
14895108694858793169  
14895108694858794834  
14895108694858794836  
14895108694858794867  
14895108694858796501  
14895108694858798004  
14895108694858798005  
14895108694858798006  
14895108694858799857  
14895108694858801443  
14895108694858801446  
14895108694858801447  
14895108694858803196  
14895108694858804672  
14895108694858804673  
14895108694858804674  
14895108694858806541  
14895108694858808006  
14895108694858808007  
14895108694858808026  
14895108694858809889  
14895108694858811341  
14895108694858811342  
14895108694858811343  
14895108694858813218  
14895108694858814671  
14895108694858814672  
14895108694858814673  
14895108694858816567  
14895108694858818005  
14895108694858818006  
14895108694858818024  
14895108694858821872  
14895108694858824082  
14895108694858825506  
14895108694858886651  
14895108694858887880  
14895108694858889095  
14895108694858890506  
14895108694858892429  
14895108694858893838  
14895108694858895765  
14895108694858897169  
14895108694858899115  
14895108694858900507  
14895108694858902435  
14895108694858905773  
14895108694858907169  
14895108694858909115  
14895108694858910505  
14895108694858956807  
14895108694858957999  
14895108694858960083  
14895108694858961336  
14895108694858963279  
14895108694858965502  
14895108694858967449  
14895108694858968837  
14895108694858970780  
14895108694858973006  
14895108694858975251  
14895108694858977169  
14895108694858979120  
14895108694858981335  
14895108694858983286  
14895108694858985501  
14895108694858987457  
14895108694858989665  
14895108694858991621  
14895108694858993834  
14895108694858995792  
14895108694859020176  
14895108694859027465  
14895108694859029675  
14895108694859031633  
14895108694859033840  
14895108694859035799  
14895108694859038579  
14895108694859039971  
14895108694859042168  
14895108694859119912  
14895108694859140601  
14895108694859144345  
14895108694859152846  
14895108694859154668  
14895108694859156642  
14895108694859157722  
14895108694859158834  
14895108694859163002  
14895108694859164979  
14895108694859167167  
14895108694859252677  
14895108694859254238  
14895108694859254978  
14895108694859257166  
14895108694859259151  
14895108694859261336  
14895108694859263320  
14895108694859265500  
14895108694859267486  
14895108694859269758  
14895108694859270826  
14895108694859272999  
14895108694859274994  
14895108694859277162  
14895108694859279165  
14895108694859281357  
14895108694859283343  
14895108694859285498  
14895108694859287516  
14895108694859289663  
14895108694859291688  
14895108694859293828  
14895108694859295853  
14895108694859297993  
14895108694859300018  
14895108694859302163  
14895108694859304188  
14895108694859306329  
14895108694859311394  
14895108694859336118  
14895108694859424812  
14895108694859428829  
14895108694859432999  
14895108694859437168  
14895108694859441327  
14895108694859445498  
14895108694859449663  
14895108694859453828  
14895108694859457998  
14895108694859461906  
14895108694859465494  
14895108694859469657  
14895108694859471823  
14895108694859473382  
14895108694859473820  
14895108694859475615  
14895108694859477991  
14895108694859480074  
14895108694859482157  
14895108694859484234  
14895108694859496750  
14895108694859498916  
14895108694859500922  
14895108694859502993  
14895108694859548984  
14895108694859556517  
14895108694859557991  
14895108694859560091  
14895108694859562158  
14895108694859564265  
14895108694859566327  
14895108694859568432  
14895108694859570493  
14895108694859572599  
14895108694859574659  
14895108694859576775  
14895108694859578825  
14895108694859579555  
14895108694859580939  
14895108694859582995  
14895108694859585123  
14895108694859670712  
14895108694859672996  
14895108694859675110  
14895108694859677155  
14895108694859679271  
14895108694859681342  
14895108694859685504  
14895108694859689663  
14895108694859693826  
14895108694859697995  
14895108694859702161  
14895108694859706324  
14895108694859708486  
14895108694859708584  
14895108694859710487  
14895108694859815561  
14895108694859817989  
14895108694859820149  
14895108694859822155  
14895108694859824322  
14895108694859826321  
14895108694859838862  
14895108694859841830  
14895108694859843831  
14895108694859845838  
14895108694859846001  
14895108694859847987  
14895108694859972995  
14895108694859996190  
14895108694860107162  
14895108694860109378  
14895108694860111320  
14895108694860113544  
14895108694860115486  
14895108694860116880  
14895108694860119080  
14895108694860120212  
14895108694860122147  
14895108694860123541  
14895108694860125481  
14895108694860144135  
14895108694860175607  
14895108694860304262  
14895108694860306069  
14895108694860307980  
14895108694860351073  
14895108694860352976  
14895108694860354412  
14895108694860481329  
14895108694860483585  
14895108694860485469  
14895108694860486925  
14895108694860488805  
14895108694860490260  
14895108694860492971  
14895108694860494431  
14895108694860496303  
14895108694860497768  
14895108694860499639  
14895108694860501112  
14895108694860502969  
14895108694860504440  
14895108694860514929  
14895108694860516109  
14895108694860517968  
14895108694860519449  
14895108694860521306  
14895108694860522783  
14895108694860524639  
14895108694860526123  
14895108694860527973  
14895108694860529463  
14895108694860531302  
14895108694860532798  
14895108694860534637  
14895108694860536128  
14895108694860537301  
14895108694860539473  
14895108694860542969  
14895108694860544466  
14895108694860546302  
14895108694860547805  
14895108694860700893  
14895108694860702979  
14895108694860704505  
14895108694860756169  
14895108694860760337  
14895108694860763801  
14895108694860767137  
14895108694860771521  
14895108694860840568  
14895108694860944495  
14895108694860946821  
14895108694860947126  
14895108694860948809  
14895108694860951203  
14895108694860952970  
14895108694860954634  
14895108694860956293  
14895108694860957620  
14895108694860957966  
14895108694860960380  
14895108694860960381  
14895108694860963795  
14895108694860963796  
14895108694860965463  
14895108694860968796  
14895108694860971217  
14895108694860972963  
14895108694860974627  
14895108694860976298  
14895108694860977956  
14895108694860979631  
14895108694860993663  
14895108694860996302  
14895108694860997962  
14895108694860999631  
14895108694861001292  
14895108694861002905  
14895108694861028262  
14895108694861081239  
14895108694861082971  
14895108694861084626  
14895108694861311518  
14895108694861347990  
14895108694861350566  
14895108694861352123  
14895108694861353907  
14895108694861355462  
14895108694861357237  
14895108694861358791  
14895108694861361411  
14895108694861362962  
14895108694861622713  
14895108694861624785  
14895108694861626294  
14895108694861628114  
14895108694861629625  
14895108694861652387  
14895108694861655617  
14895108694861657130  
14895108694861658951  
14895108694861660449  
14895108694861662470  
14895108694861664612  
14895108694861667294  
14895108694861668780  
14895108694861670641  
14895108694861672110  
14895108694861673975  
14895108694861674227  
14895108694861675450  
14895108694861678145  
14895108694861679611  
14895108694861681494  
14895108694861684832  
14895108694861687177  
14895108694861690628  
14895108694861725066  
14895108694861776163  
14895108694861779019  
14895108694861780451  
14895108694861782350  
14895108694861783788  
14895108694861785679  
14895108694861787114  
14895108694861789013  
14895108694861790455  
14895108694861793186  
14895108694861793854  
14895108694861794619  
14895108694861797945  
14895108694861798574  
14895108694861801278  
14895108694861880760  
14895108694861882108  
14895108694861884018  
14895108694861885444  
14895108694861886570  
14895108694861887358  
14895108694861888785  
14895108694861891531  
14895108694861892953  
14895108694861894863  
14895108694861896287  
14895108694861898207  
14895108694861900530  
14895108694861903779  
14895108694861905713  
14895108694861907127  
14895108694861909053  
14895108694861911278  
14895108694861913220  
14895108694861975401  
14895108694861979055  
14895108694861981278  
14895108694861983227  
14895108694861985446  
14895108694861987401  
14895108694861988860  
14895108694861990737  
14895108694861992946  
14895108694861994907  
14895108694861997117  
14895108694861999071  
14895108694862001279  
14895108694862002022  
14895108694862031846  
14895108694862034913  
14895108694862037110  
14895108694862039090  
14895108694862041280  
14895108694862043258  
14895108694862063185  
14895108694862065698  
14895108694862067433  
14895108694862069605  
14895108694862072434  
14895108694862074611  
14895108694862146113  
14895108694862148771  
14895108694862150778  
14895108694862152946  
14895108694862154947  
14895108694862157106  
14895108694862159952  
14895108694862162116  
14895108694862164119  
14895108694862166274  
14895108694862168298  
14895108694862170438  
14895108694862237903  
14895108694862240787  
14895108694862242935  
14895108694862244973  
14895108694862247105  
14895108694862249149  
14895108694862251271  
14895108694862253308  
14895108694862254773  
14895108694862255439  
14895108694862257483  
14895108694862259606  
14895108694862261652  
14895108694862264714  
14895108694862266658  
14895108694862268775  
14895108694862270823  
14895108694862272938  
14895108694862277936  
14895108694862285718  
14895108694862287938  
14895108694862289996  
14895108694862296781  
14895108694862338234  
14895108694862368713  
14895108694862370831  
14895108694862372936  
14895108694862374995  
14895108694862377104  
14895108694862379996  
14895108694862382098  
14895108694862382302  
14895108694862414691  
14895108694862416673  
14895108694862466275  
14895108694862469175  
14895108694862471271  
14895108694862473338  
14895108694862475435  
14895108694862477505  
14895108694862480552  
14895108694862482181  
14895108694862482504  
14895108694862484596  
14895108694862488756  
14895108694862490840  
14895108694862493889  
14895108694862495845  
14895108694862497937  
14895108694862500016  
14895108694862502851  
14895108694862539621  
14895108694862594760  
14895108694862656172  
14895108694862802258  
14895108694862805185  
14895108694862807143  
14895108694862809241  
14895108694862811257  
14895108694862813403  
14895108694862829323  
14895108694862861247  
14895108694862891288  
14895108694862898103  
14895108694862899590  
14895108694862901750  
14895108694862903757  
14895108694862905915  
14895108694862907925  
14895108694862929301  
14895108694862987128  
14895108694862989251  
14895108694862991253  
14895108694863101663  
14895108694863157627  
14895108694863173778  
14895108694863176419  
14895108694863178447  
14895108694863180420  
14895108694863198656  
14895108694863201786  
14895108694863203923  
14895108694863262729  
14895108694863270970  
14895108694863273923  
14895108694863415802  
14895108694863474781  
14895108694863476833  
14895108694863478749  
14895108694863481433  
14895108694863482674  
14895108694863484579  
14895108694863486012  
14895108694863487912  
14895108694863504642  
14895108694863560147  
14895108694863562082  
14895108694863673249  
14895108694863675407  
14895108694863676844  
14895108694863678747  
14895108694863682084  
14895108694863686016  
14895108694863742169  
14895108694863749575  
14895108694863751050  
14895108694863752331  
14895108694863753118  
14895108694863755074  
14895108694863757071  
14895108694863758740  
14895108694863760408  
14895108694863764389  
14895108694863766234  
14895108694863803285  
14895108694863821238  
14895108694863824203  
14895108694863827712  
14895108694863829570  
14895108694863832966  
14895108694863832970  
14895108694863840923  
14895108694863845401  
14895108694863846900  
14895108694863850565  
14895108694863856169  
14895108694863919286  
14895108694864095662  
14895108694864097902  
14895108694864099564  
14895108694864102897  
14895108694864106987  
14895108694864110397  
14895108694864113965  
14895108694864117063  
14895108694864120397  
14895108694864123970  
14895108694864244841  
14895108694864246769  
14895108694864247312  
14895108694864248682  
14895108694864250395  
14895108694864252312  
14895108694864253686  
14895108694864255399  
14895108694864257058  
14895108694864258751  
14895108694864260653  
14895108694864262040  
14895108694864263978  
14895108694864265378  
14895108694864267062  
14895108694864268734  
14895108694864270397  
14895108694864272324  
14895108694864273722  
14895108694864275397  
14895108694864277060  
14895108694864278733  
14895108694864280396  
14895108694864282327  
14895108694864283727  
14895108694864285396  
14895108694864287060  
14895108694864288736  
14895108694864321974  
14895108694864324564  
14895108694864326242  
14895108694864327896  
14895108694864329581  
14895108694864331492  
14895108694864332915  
14895108694864334559  
14895108694864336256  
14895108694864350293  
14895108694864352567  
14895108694864352914  
14895108694864356246  
14895108694864358028  
14895108694864359558  
14895108694864361250  
14895108694864362921  
14895108694864364587  
14895108694864366255  
14895108694864367932  
14895108694864369564  
14895108694864371350  
14895108694864372890  
14895108694864418855  
14895108694864420437  
14895108694864422103  
14895108694864441146  
14895108694864443773  
14895108694864445437  
14895108694864447107  
14895108694864448772  
14895108694864450439  
14895108694864452101  
14895108694864453773  
14895108694864455668  
14895108694864457115  
14895108694864458780  
14895108694864652084  
14895108694864658407  
14895108694864660482  
14895108694864662150  
14895108694864663717  
14895108694864665608  
14895108694864667349  
14895108694864668953  
14895108694864670388  
14895108694864672280  
14895108694864673718  
14895108694864675615  
14895108694864677454  
14895108694864678952  
14895108694864680384  
14895108694864708176  
14895108694864715610  
14895108694864717052  
14895108694864718958  
14895108694864720385  
14895108694864722288  
14895108694864808036  
14895108694864809558  
14895108694864812889  
14895108694864816223  
14895108694864819557  
14895108694864823193  
14895108694864826223  
14895108694864829556  
14895108694864833198  
14895108694864834818  
14895108694864836217  
14895108694864838155  
14895108694864839551  
14895108694864841489  
14895108694864931858  
14895108694864933996  
14895108694864936212  
14895108694864938175  
14895108694864940382  
14895108694864942342  
14895108694864944552  
14895108694864946503  
14895108694864948719  
14895108694864950681  
14895108694864952880  
14895108694864954850  
14895108694864957052  
14895108694864959016  
14895108694864982329  
14895108694864989017  
14895108694864991213  
14895108694864993194  
14895108694864995384  
14895108694864997356  
14895108694864999545  
14895108694865001525  
14895108694865003720  
14895108694865005689  
14895108694865007885  
14895108694865009853  
14895108694865012048  
14895108694865014031  
14895108694865029637  
14895108694865036534  
14895108694865038716  
14895108694865040699  
14895108694865042886  
14895108694865044873  
14895108694865047050  
14895108694865056546  
14895108694865065716  
14895108694865074876  
14895108694865079878  
14895108694865084039  
14895108694865086829  
14895108694865088216  
14895108694865090381  
14895108694865092390  
14895108694865094548  
14895108694865098710  
14895108694865100725  
14895108694865105379  
14895108694865164224  
14895108694865166572  
14895108694865168713  
14895108694865170744  
14895108694865172882  
14895108694865174910  
14895108694865177044  
14895108694865179084  
14895108694865181228  
14895108694865183252  
14895108694865185381  
14895108694865216336  
14895108694865224924  
14895108694865227424  
14895108694865229546  
14895108694865289828  
14895108694865308340  
14895108694865314176  
14895108694865316205  
14895108694865318341  
14895108694865320374  
14895108694865322509  
14895108694865324540  
14895108694865326696  
14895108694865328711  
14895108694865340719  
14895108694865348353  
14895108694865367523  
14895108694865376208  
14895108694865388360  
14895108694865395037  
14895108694865397042  
14895108694865399201  
14895108694865401206  
14895108694865403367  
14895108694865405372  
14895108694865407542  
14895108694865409539  
14895108694865411709  
14895108694865434896  
14895108694865437540  
14895108694865439207  
14895108694865439539  
14895108694865441720  
14895108694865443703  
14895108694865445885  
14895108694865447875  
14895108694865450057  
14895108694865451729  
14895108694865453701  
14895108694865455900  
14895108694865457877  
14895108694865460066  
14895108694865462040  
14895108694865464233  
14895108694865466205  
14895108694865468408  
14895108694865470373  
14895108694865472577  
14895108694865474540  
14895108694865476752  
14895108694865478706  
14895108694865480931  
14895108694865482874  
14895108694865485104  
14895108694865487039  
14895108694865507595  
14895108694865528892  
14895108694865531202  
14895108694865533435  
14895108694865535363  
14895108694865536017  
14895108694865537610  
14895108694865539537  
14895108694865540944  
14895108694865542872  
14895108694865544285  
14895108694865546204  
14895108694865547621  
14895108694865549538  
14895108694865550954  
14895108694865552870  
14895108694865554292  
14895108694865556205  
14895108694865557626  
14895108694865559537  
14895108694865560963  
14895108694865562874  
14895108694865564299  
14895108694865566206  
14895108694865569569  
14895108694865570959  
14895108694865572864  
14895108694865574288  
14895108694865613482  
14895108694865620135  
14895108694865622030  
14895108694865623465  
14895108694865624286  
14895108694865625378  
14895108694865626802  
14895108694865628823  
14895108694865630138  
14895108694865632032  
14895108694865633471  
14895108694865635363  
14895108694865636854  
14895108694865638698  
14895108694865640141  
14895108694865642034  
14895108694865643479  
14895108694865645362  
14895108694865646817  
14895108694865650152  
14895108694865652033  
14895108694865653488  
14895108694865655366  
14895108694865657655  
14895108694865659535  
14895108694865693497  
14895108694865695175  
14895108694865697039  
14895108694865732419  
14895108694865768059  
14895108694865769346  
14895108694865771208  
14895108694865772684  
14895108694865774529  
14895108694865776017  
14895108694865777867  
14895108694865779358  
14895108694865781205  
14895108694865782690  
14895108694865784533  
14895108694865786022  
14895108694865787867  
14895108694865789358  
14895108694865819368  
14895108694865822036  
14895108694865823523  
14895108694865825365  
14895108694865826860  
14895108694865828706  
14895108694865830199  
14895108694865832034  
14895108694865833533  
14895108694865835369  
14895108694865836866  
14895108694865838706  
14895108694865840199  
14895108694865842027  
14895108694865850194  
14895108694865852029  
14895108694865853529  
14895108694865855361  
14895108694865856868  
14895108694865858698  
14895108694865860203  
14895108694865862029  
14895108694865863542  
14895108694865865364  
14895108694865866884  
14895108694865868699  
14895108694865870217  
14895108694865872029  
14895108694865887405  
14895108694865894537  
14895108694865896054  
14895108694865914576  
14895108694865916905  
14895108694865918700  
14895108694865938336  
14895108694865941398  
14895108694865945237  
14895108694865959734  
14895108694865960360  
14895108694865962105  
14895108694865963696  
14895108694865969683  
14895108694865971069  
14895108694865972869  
14895108694865982495  
14895108694865985638  
14895108694865986864  
14895108694865986916  
14895108694865988700  
14895108694865990366  
14895108694865991916  
14895108694865993694  
14895108694865995354  
14895108694865997028  
14895108694866000453  
14895108694866012030  
14895108694866138421  
14895108694866140352  
14895108694866141932  
14895108694866145358  
14895108694866148696  
14895108694866152025  
14895108694866155273  
14895108694866167866  
14895108694866187034  
14895108694866194451  
14895108694866238519  
14895108694866241195  
14895108694866242857  
14895108694866244526  
14895108694866246214  
14895108694866255283  
14895108694866257490  
14895108694866258621  
14895108694866260358  
14895108694866262021  
14895108694866263696  
14895108694866265293  
14895108694866267023  
14895108694866268689  
14895108694866270358  
14895108694866272021  
14895108694866313362  
14895108694866315303  
14895108694866317024  
14895108694866318694  
14895108694866320356  
14895108694866336821  
14895108694866344527  
14895108694866346140  
14895108694866347853  
14895108694866349525  
14895108694866351184  
14895108694866352853  
14895108694866354518  
14895108694866356146  
14895108694866357852  
14895108694866359521  
14895108694866361185  
14895108694866362854  
14895108694866364522  
14895108694866381723  
14895108694866384523  
14895108694866386187  
14895108694866387850  
14895108694866389527  
14895108694866391160  
14895108694866392856  
14895108694866433327  
14895108694866435353  
14895108694866437015  
14895108694866438684  
14895108694866440331  
14895108694866450354  
14895108694866457847  
14895108694866459518  
14895108694866461181  
14895108694866462850  
14895108694866468089  
14895108694866469613  
14895108694866471037  
14895108694866471168  
14895108694866473261  
14895108694866474513  
14895108694866476171  
14895108694866477853  
14895108694866479520  
14895108694866481186  
14895108694866482847  
14895108694866484521  
14895108694866487849  
14895108694866489511  
14895108694866491180  
14895108694866492844  
14895108694866494511  
14895108694866497014  
14895108694866498691  
14895108694866568905  
14895108694866571182  
14895108694866572853  
14895108694866573419  
14895108694866574531  
14895108694866577034  
14895108694866578698  
14895108694866580368  
14895108694866582034  
14895108694866583707  
14895108694866586206  
14895108694866587876  
14895108694866589543  
14895108694866591222  
14895108694866592878  
14895108694866594548  
14895108694866597045  
14895108694866598714  
14895108694866600381  
14895108694866602049  
14895108694866603720  
14895108694866605382  
14895108694866607882  
14895108694866609550  
14895108694866611214  
14895108694866612887  
14895108694866616693  
14895108694866617879  
14895108694866645183  
14895108694866647894  
14895108694866649563  
14895108694866651229  
14895108694866652905  
14895108694866655407  
14895108694866657071  
14895108694866658736  
14895108694866660408  
14895108694866662076  
14895108694866726157  
14895108694866728762  
14895108694866732089  
14895108694866735424  
14895108694866739591  
14895108694866741255  
14895108694866742922  
14895108694866744591  
14895108694866746257  
14895108694866755574  
14895108694866757090  
14895108694866758672  
14895108694866760433  
14895108694866777999  
14895108694866780441  
14895108694866782551  
14895108694866783772  
14895108694866785434  
14895108694866815203  
14895108694866817942  
14895108694866819602  
14895108694866821712  
14895108694866823773  
14895108694866863747  
14895108694866865447  
14895108694866867009  
14895108694866868780  
14895108694866870885  
14895108694866872947  
14895108694866874506  
14895108694866876281  
14895108694866877843  
14895108694866879622  
14895108694866881178  
14895108694866882956  
14895108694866884506  
14895108694866886287  
14895108694866918540  
14895108694866921295  
14895108694866922841  
14895108694866924632  
14895108694866926175  
14895108694866927966  
14895108694866929507  
14895108694866932136  
14895108694866933676  
14895108694866935469  
14895108694866937005  
14895108694866938799  
14895108694866940065  
14895108694866940894  
14895108694866942136  
14895108694866943804  
14895108694866945476  
14895108694866948813  
14895108694866950891  
14895108694866952977  
14895108694866954507  
14895108694866956309  
14895108694866957840  
14895108694866959647  
14895108694866961730  
14895108694866982209  
14895108694866988263  
14895108694866990492  
14895108694867024295  
14895108694867042602  
14895108694867059134  
14895108694867060491  
14895108694867072026  
14895108694867086267  
14895108694867090116  
14895108694867091326  
14895108694867091327  
14895108694867092994  
14895108694867094667  
14895108694867094669  
14895108694867097165  
14895108694867098830  
14895108694867098833  
14895108694867100502  
14895108694867102176  
14895108694867102179  
14895108694867103845  
14895108694867105512  
14895108694867105515  
14895108694867107568  
14895108694867108851  
14895108694867108854  
14895108694867110515  
14895108694867114086  
14895108694867115581  
14895108694867116497  
14895108694867118533  
14895108694867118534  
14895108694867119682  
14895108694867121167  
14895108694867121168  
14895108694867123024  
14895108694867124499  
14895108694867124501  
14895108694867126392  
14895108694867131369  
14895108694867134695  
14895108694867136166  
14895108694867146599  
14895108694867147829  
14895108694867149696  
14895108694867151166  
14895108694867153034  
14895108694867154500  
14895108694867156366  
14895108694867193619  
14895108694867194451  
14895108694867196378  
14895108694867197835  
14895108694867199716  
14895108694867201168  
14895108694867203054  
14895108694867205333  
14895108694867207352  
14895108694867209507  
14895108694867211525  
14895108694867215694  
14895108694867217834  
14895108694867219863  
14895108694867222001  
14895108694867233204  
14895108694867240700  
14895108694867242840  
14895108694867244862  
14895108694867278407  
14895108694867280694  
14895108694867282832  
14895108694867284999  
14895108694867287004  
14895108694867289042  
14895108694867291168  
14895108694867293221  
14895108694867295344  
14895108694867295368  
14895108694867297384  
14895108694867299253  
14895108694867302415  
14895108694867304062  
14895108694867306168  
14895108694867308237  
14895108694867310343  
14895108694867312404  
14895108694867314505  
14895108694867316591  
14895108694867319509  
14895108694867323757  
14895108694867330775  
14895108694867334500  
14895108694867337985  
14895108694867344102  
14895108694867363261  
14895108694867372419  
14895108694867377421  
14895108694867386966  
14895108694867389086  
14895108694867391038  
14895108694867393262  
14895108694867395325  
14895108694867397506  
14895108694867399598  
14895108694867401589  
14895108694867403657  
14895108694867405763  
14895108694867408672  
14895108694867410771  
14895108694867412830  
14895108694867414935  
14895108694867417001  
14895108694867419105  
14895108694867435836  
14895108694867439111  
14895108694867607618  
14895108694867609938  
14895108694867611983  
14895108694867613386  
14895108694867614111  
14895108694867616158  
14895108694867618279  
14895108694867620326  
14895108694867622452  
14895108694867624492  
14895108694867626617  
14895108694867628664  
14895108694867630793  
14895108694867632825  
14895108694867634964  
14895108694867636995  
