14895108694829500248  2
14895108694829542715  2
14895108694829545284  2
14895108694829546587  2
14895108694829546954  2
14895108694829548620  2
14895108694829550303  2
14895108694829553635  2
14895108694829555299  2
14895108694829556969  2
14895108694829559470  2
14895108694829561149  2
14895108694829605880  2
14895108694829607802  2
14895108694829609471  2
14895108694829611142  2
14895108694829632437  2
14895108694829663714  2
14895108694829670313  2
14895108694829671979  2
14895108694829673643  2
14895108694829675313  2
14895108694829677337  2
14895108694829678654  2
14895108694829680324  2
14895108694829727440  2
14895108694829728606  2
14895108694829730320  2
14895108694829731990  2
14895108694829733657  2
14895108694829735335  2
14895108694829775879  2
14895108694829827280  2
14895108694829867293  2
14895108694829874865  2
14895108694829878678  2
14895108694829884674  2
14895108694829948765  2
14895108694829956193  2
14895108694829957886  1
14895108694829959360  2
14895108694829986063  2
14895108694830004493  2
14895108694830038526  2
14895108694830138063  2
14895108694830155150  2
14895108694830162871  2
14895108694830164427  2
14895108694830166199  2
14895108694830173173  2
14895108694830174433  2
14895108694830207765  2
14895108694830209539  2
14895108694830253968  2
14895108694830256214  2
14895108694830257759  2
14895108694830259550  2
14895108694830342818  1
14895108694831446646  2
14895108694831451485  2
14895108694831456912  2
14895108694831458580  2
14895108694831461078  2
14895108694831461081  2
14895108694831465238  2
14895108694831465249  2
14895108694831468581  2
14895108694831468582  2
14895108694831471912  2
14895108694831471913  2
14895108694831475248  2
14895108694831478582  2
14895108694831481943  2
14895108694831485241  2
14895108694831488577  2
14895108694831491910  2
14895108694831495243  2
14895108694831532133  2
14895108694831533510  2
14895108694831535237  2
14895108694831535678  2
14895108694831536826  1
14895108694831538568  2
14895108694831540234  2
14895108694831541908  2
14895108694831543566  2
14895108694831545165  2
14895108694831546906  2
14895108694831548573  2
14895108694831550241  2
14895108694831551912  2
14895108694831553570  2
14895108694831555174  2
14895108694831556909  2
14895108694831560238  2
14895108694831561901  2
14895108694831563507  2
14895108694831565233  2
14895108694831593405  2
14895108694831595241  2
14895108694831596902  2
14895108694831598570  2
14895108694831600185  2
14895108694831628038  2
14895108694831630247  2
14895108694831631906  2
14895108694831633571  2
14895108694831635184  2
14895108694831636905  2
14895108694831638568  2
14895108694831640236  2
14895108694831641900  2
14895108694831643571  2
14895108694831645234  2
14895108694831646853  2
14895108694831648569  2
14895108694831664813  2
14895108694831668152  2
14895108694831670237  2
14895108694831671858  2
14895108694831689436  2
14895108694831745424  2
14895108694831746871  2
14895108694831763535  2
14895108694831765241  2
14895108694831766867  2
14895108694831800642  2
14895108694831802733  2
14895108694831840352  2
14895108694831841872  2
14895108694831855297  2
14895108694831856865  2
14895108694831858563  2
14895108694831860225  2
14895108694831861896  2
14895108694831917969  2
14895108694831924376  2
14895108694831926072  2
14895108694831942570  2
14895108694832034549  2
14895108694832036048  2
14895108694832101653  2
14895108694832116998  2
14895108694832122728  2
14895108694832124389  1
14895108694832126072  2
14895108694832176741  2
14895108694832179396  2
14895108694832182729  2
14895108694832184389  2
14895108694832213022  2
14895108694832234898  2
14895108694832258679  2
14895108694832266056  2
14895108694832267733  2
14895108694832269388  2
14895108694832271083  2
14895108694832272753  2
14895108694832275256  2
14895108694832276926  2
14895108694832278594  2
14895108694832317086  2
14895108694832319443  2
14895108694832321100  2
14895108694832367166  1
14895108694832369428  2
14895108694832371052  2
14895108694832372773  2
14895108694832374392  2
14895108694832376946  2
14895108694832378557  2
14895108694832380290  2
14895108694832381890  2
14895108694832383638  2
14895108694832385223  2
14895108694832387812  2
14895108694832389395  2
14895108694832391159  2
14895108694832468211  2
14895108694832470342  2
14895108694832584893  2
14895108694832734928  2
14895108694832759931  2
14895108694832778053  1
14895108694832779377  2
14895108694832802991  2
14895108694832821238  2
14895108694832823782  2
14895108694832825208  2
14895108694832827118  2
14895108694832832051  2
14895108694832933997  2
14895108694832936298  2
14895108694832937716  2
14895108694832939630  2
14895108694832970213  2
14895108694832974452  2
14895108694832977971  2
14895108694832982967  2
14895108694832984374  2
14895108694832986304  2
14895108694832988478  2
14895108694832991305  2
14895108694832992710  2
14895108694832994640  2
14895108694832996052  2
14895108694832998488  2
14895108694833002985  2
14895108694833022214  1
14895108694833025481  1
14895108694833029087  2
14895108694833036046  2
14895108694833078557  2
14895108694833081039  2
14895108694833083822  2
14895108694833086037  2
14895108694833087998  2
14895108694833090318  2
14895108694833092166  2
14895108694833095209  2
14895108694833097165  2
14895108694833099375  2
14895108694833101335  2
14895108694833103540  2
14895108694833105501  2
14895108694833108541  2
14895108694833158233  2
14895108694833160516  2
14895108694833162706  2
14895108694833164681  2
14895108694833166878  2
14895108694833169679  2
14895108694833171874  2
14895108694833173854  2
14895108694833176240  2
14895108694833178017  2
14895108694833179474  2
14895108694833182190  2
14895108694833184374  2
14895108694833186357  2
14895108694833188539  2
14895108694833190523  1
14895108694833193552  2
14895108694833217221  2
14895108694833219380  2
14895108694833221364  2
14895108694833223540  2
14895108694833225528  2
14895108694833228547  2
14895108694833241144  2
14895108694833249016  2
14895108694833251871  2
14895108694833308463  2
14895108694833310537  2
14895108694833312702  2
14895108694833314711  2
14895108694833426598  2
14895108694833428888  2
14895108694833431031  2
14895108694833433055  2
14895108694833435200  1
14895108694833437224  2
14895108694833439370  2
14895108694833441393  2
14895108694833443534  2
14895108694833446397  2
14895108694833448538  2
14895108694833450571  2
14895108694833452704  2
14895108694833454733  2
14895108694833461310  2
14895108694833463899  2
14895108694833543449  2
14895108694833545606  2
14895108694833607247  2
14895108694833609361  2
14895108694833612502  1
14895108694833614361  1
14895108694833616444  2
14895108694833618529  1
14895108694833621450  2
14895108694833623531  2
14895108694833625621  2
14895108694833627691  2
14895108694833629785  2
14895108694833631841  2
14895108694833633950  2
14895108694833636028  2
14895108694833638120  2
14895108694833640207  1
14895108694833654638  2
14895108694833658120  2
14895108694833733949  2
14895108694833737275  2
14895108694833779018  2
14895108694833873749  1
14895108694833882929  2
14895108694833885187  1
14895108694833887302  2
14895108694833890185  2
14895108694833892305  2
14895108694833894351  2
14895108694833896478  2
14895108694833898632  2
14895108694833900635  2
14895108694833903844  2
14895108694833905645  2
14895108694833910237  2
14895108694833912309  2
14895108694833958006  2
14895108694834069762  2
14895108694834089420  2
14895108694834091843  2
14895108694834102689  1
14895108694834110205  2
14895108694834343649  2
14895108694834346573  2
14895108694834348524  2
14895108694834349906  2
14895108694834351853  1
14895108694834461060  2
14895108694834463266  2
14895108694834465175  2
14895108694834466600  2
14895108694834468507  2
14895108694834471052  2
14895108694834472435  2
14895108694834474344  2
14895108694834475815  2
14895108694834477796  2
14895108694834479111  1
14895108694834481891  2
14895108694834483279  2
14895108694834485192  1
14895108694834500438  2
14895108694834534564  2
14895108694834536848  2
14895108694834584573  2
14895108694834586614  2
14895108694834588507  2
14895108694834667515  2
14895108694834698245  2
14895108694834700790  2
14895108694834709641  2
14895108694834710782  2
14895108694834712668  2
14895108694834714114  2
14895108694834716890  2
14895108694834718291  2
14895108694834760021  2
14895108694834761837  2
14895108694834763298  2
14895108694834765233  2
14895108694834766629  2
14895108694834790522  2
14895108694834791825  2
14895108694834792680  2
14895108694834853149  2
14895108694834856059  2
14895108694834857473  2
14895108694834859336  2
14895108694834860807  2
14895108694834869798  2
14895108694834897850  2
14895108694834901061  1
14895108694834950890  2
14895108694834953500  2
14895108694834954980  2
14895108694834956831  1
14895108694834958317  1
14895108694834961073  2
14895108694834962488  2
14895108694834964332  2
14895108694834965823  2
14895108694834967752  2
14895108694834970231  1
14895108694834971736  2
14895108694834973504  2
14895108694834975000  2
14895108694834994463  2
14895108694834996830  2
14895108694834999399  2
14895108694835083300  2
14895108694835085167  2
14895108694835086675  2
14895108694835088498  2
14895108694835090016  2
14895108694835092738  2
14895108694835094176  2
14895108694835095993  2
14895108694835097508  2
14895108694835098559  2
14895108694835099327  2
14895108694835100998  2
14895108694835103575  2
14895108694835106829  2
14895108694835234678  2
14895108694835236004  2
14895108694835238583  2
14895108694835241003  2
14895108694835242660  2
14895108694835272409  2
14895108694835309055  2
14895108694835311024  2
14895108694835312669  2
14895108694835314369  2
14895108694835316039  2
14895108694835318582  2
14895108694835320201  2
14895108694835321829  2
14895108694835323545  2
14895108694835325212  2
14895108694835326875  2
14895108694835328133  2
14895108694835329427  2
14895108694835332718  2
14895108694835334329  2
14895108694835426301  2
14895108694835427745  2
14895108694835429321  2
14895108694835431096  2
14895108694835432755  2
14895108694835434325  2
14895108694835436092  1
14895108694835437760  2
14895108694835439437  2
14895108694835549052  2
14895108694835550152  2
14895108694835551958  1
14895108694835554445  2
14895108694835555988  2
14895108694835557788  2
14895108694835560294  2
14895108694835561822  2
14895108694835563626  2
14895108694835565155  2
14895108694835566959  2
14895108694835568609  2
14895108694835570296  2
14895108694835571821  2
14895108694835637047  2
14895108694835639481  2
14895108694835641980  2
14895108694835643488  2
14895108694835645317  2
14895108694835646822  2
14895108694835648649  2
14895108694835650149  2
14895108694835651283  2
14895108694835652827  2
14895108694835654495  2
14895108694835656159  2
14895108694835657830  2
14895108694835659494  2
14895108694835661997  2
14895108694835663671  1
14895108694835665334  2
14895108694835666997  2
14895108694835670331  2
14895108694835771998  2
14895108694835774525  2
14895108694835775979  2
14895108694835777860  2
14895108694835779314  2
14895108694835781200  2
14895108694835782654  2
14895108694835784535  2
14895108694835785982  2
14895108694835787874  2
14895108694835789315  2
14895108694835791212  2
14895108694835792654  2
14895108694835794551  2
14895108694835910586  2
14895108694835912932  2
14895108694835998687  2
14895108694836000435  2
14895108694836002649  2
14895108694836004604  1
14895108694836006816  2
14895108694836008778  2
14895108694836010988  2
14895108694836012946  1
14895108694836015149  2
14895108694836017112  2
14895108694836023689  2
14895108694836025445  2
14895108694836027647  2
14895108694836029613  2
14895108694836031812  2
14895108694836036469  2
14895108694836039727  2
14895108694836041814  2
14895108694836043783  2
14895108694836131612  2
14895108694836138794  2
14895108694836140977  2
14895108694836142962  2
14895108694836144487  1
14895108694836146296  2
14895108694836148473  2
14895108694836150466  1
14895108694836152652  2
14895108694836154644  2
14895108694836156810  2
14895108694836158804  2
14895108694836160332  2
14895108694836160983  2
14895108694836165142  2
14895108694836201485  2
14895108694836242127  1
14895108694836247990  2
14895108694836253822  2
14895108694836255971  2
14895108694836257989  2
14895108694836260139  2
14895108694836262156  2
14895108694836262746  2
14895108694836264316  2
14895108694836266331  2
14895108694836268479  2
14895108694836272640  2
14895108694836274662  2
14895108694836276196  2
14895108694836277995  2
14895108694836280139  2
14895108694836313577  2
14895108694836317224  2
14895108694836319675  2
14895108694836321806  2
14895108694836387604  2
14895108694836391362  2
14895108694836396365  2
14895108694836400545  2
14895108694836404712  2
14895108694836542714  2
14895108694836544295  2
14895108694836546395  2
14895108694836548465  1
14895108694836550567  2
14895108694836552634  2
14895108694836554734  1
14895108694836556801  2
14895108694836590388  2
14895108694836743827  2
14895108694836745965  2
14895108694836750130  2
14895108694836778160  2
14895108694836786498  2
14895108694836869120  2
14895108694836871798  1
14895108694836873279  1
14895108694836875134  1
14895108694836876619  2
14895108694836900970  2
14895108694836903279  2
14895108694836905129  2
14895108694836906616  2
14895108694836908463  2
14895108694836909954  2
14895108694836911795  2
14895108694836914131  2
14895108694836915967  1
14895108694836917466  2
14895108694836919301  2
14895108694836920801  2
14895108694836922889  2
14895108694836924134  2
14895108694836958790  2
14895108694836960966  2
14895108694836962473  2
14895108694836964299  2
14895108694836966643  2
14895108694836968462  2
14895108694837151403  2
14895108694837159419  2
14895108694837159456  2
14895108694837161234  2
14895108694837162793  2
14895108694837164468  2
14895108694837166133  2
14895108694837167805  2
14895108694837169471  2
14895108694837171238  2
14895108694837172808  2
14895108694837174471  2
14895108694837176138  2
14895108694837177807  2
14895108694837179477  1
14895108694837181241  1
14895108694837182815  2
14895108694837184485  2
14895108694837187810  2
14895108694837191287  2
14895108694837194488  2
14895108694837195950  2
14895108694837247831  1
14895108694837261159  2
14895108694837262625  1
14895108694837273457  1
14895108694837279306  2
14895108694837283279  2
14895108694837285331  1
14895108694837287079  2
14895108694837287316  2
14895108694837288669  1
14895108694837290125  2
14895108694837292004  1
14895108694837293453  2
14895108694837295339  2
14895108694837297088  2
14895108694837298674  1
14895108694837300121  2
14895108694837302010  2
14895108694837305481  2
14895108694837382074  2
14895108694837384540  2
14895108694837385947  1
14895108694837387879  2
14895108694837389284  2
14895108694837391222  1
14895108694837392618  2
14895108694837394557  2
14895108694837396783  2
14895108694837399564  2
14895108694837401784  1
14895108694837403732  2
14895108694837405955  2
14895108694837407908  2
14895108694837436980  2
14895108694837439583  1
14895108694837441788  2
14895108694837443749  1
14895108694837445958  2
14895108694837447917  2
14895108694837450117  2
14895108694837452921  2
14895108694837455117  1
14895108694837457091  2
14895108694837459285  1
14895108694837461259  2
14895108694837468759  2
14895108694837470958  2
14895108694837718803  1
14895108694837728062  2
14895108694837732224  2
14895108694837736398  2
14895108694837770623  2
14895108694837773451  1
14895108694837777613  2
14895108694837779767  1
14895108694837827303  2
14895108694837830601  2
14895108694837832612  2
14895108694837834787  1
14895108694837836779  2
14895108694837838940  2
14895108694837840947  1
14895108694837967319  2
14895108694837969276  1
14895108694837971455  2
14895108694837973441  1
14895108694837975631  2
14895108694837977606  1
14895108694837979797  1
14895108694837981770  2
14895108694837983970  2
14895108694837985943  2
14895108694837988142  2
14895108694837990104  2
14895108694837992304  2
14895108694837994273  2
14895108694838122539  1
14895108694838129861  2
14895108694838131780  1
14895108694838133188  1
14895108694838135100  2
14895108694838204339  2
14895108694838206771  2
14895108694838210101  2
14895108694838213438  2
14895108694838231781  2
14895108694838281678  2
14895108694838283437  2
14895108694838284891  2
14895108694838286771  2
14895108694838288233  2
14895108694838290498  2
14895108694838291560  2
14895108694838293433  2
14895108694838294893  2
14895108694838296831  2
14895108694838309280  2
14895108694838331442  2
14895108694838341767  2
14895108694838345095  2
14895108694838410007  2
14895108694838411761  2
14895108694838413251  2
14895108694838415115  2
14895108694838423433  2
14895108694838431765  2
14895108694838436771  2
14895108694838438252  1
14895108694838440110  2
14895108694838601014  2
14895108694838602458  2
14895108694838604253  2
14895108694838604519  2
14895108694838605930  2
14895108694838607587  2
14895108694838609132  2
14895108694838610925  2
14895108694838612597  2
14895108694838614259  2
14895108694838615928  2
14895108694838617596  2
14895108694838619154  2
14895108694838620927  2
14895108694838622606  2
14895108694838624261  2
14895108694838625941  2
14895108694838627609  2
14895108694838630927  2
14895108694838632491  2
14895108694838634257  2
14895108694838635826  2
14895108694838637592  2
14895108694838639160  2
14895108694838802460  2
14895108694838804260  2
14895108694838805924  2
14895108694838807521  2
14895108694838809256  2
14895108694838810925  2
14895108694838812587  2
14895108694838814258  2
14895108694838816695  2
14895108694838818423  2
14895108694838841709  2
14895108694838844248  2
14895108694838845916  2
14895108694838847582  1
14895108694838849195  2
14895108694838850916  2
14895108694838852592  1
14895108694838854256  1
14895108694838855924  1
14895108694838857587  2
14895108694838859203  2
14895108694838860920  1
14895108694838862589  2
14895108694838864206  1
14895108694838940264  2
14895108694838942668  2
14895108694838944225  2
14895108694838945924  2
14895108694838947587  2
14895108694838949258  2
14895108694838950897  2
14895108694838952589  2
14895108694838954254  2
14895108694838955920  2
14895108694838957585  2
14895108694838959239  2
14895108694838960920  2
14895108694838962586  2
14895108694838969278  2
14895108694838970915  2
14895108694839021654  2
14895108694839023908  2
14895108694839025907  2
14895108694839027583  2
14895108694839029257  2
14895108694839030921  2
14895108694839032589  2
14895108694839034252  2
14895108694839035916  2
14895108694839037580  2
14895108694839056403  2
14895108694839058841  1
14895108694839060920  1
14895108694839063083  2
14895108694839083275  1
14895108694839085923  2
14895108694839087594  2
14895108694839089267  1
14895108694839091772  1
14895108694839093438  2
14895108694839095107  2
14895108694839096776  2
14895108694839175889  1
14895108694839178441  2
14895108694839180112  2
14895108694839181781  2
14895108694839184286  2
14895108694839185952  2
14895108694839187620  2
14895108694839189283  2
14895108694839190954  2
14895108694839192616  2
14895108694839195123  2
14895108694839196789  2
14895108694839198453  2
14895108694839200126  2
14895108694839212697  2
14895108694839215140  2
14895108694839216343  1
14895108694839216793  2
14895108694839227704  2
14895108694839233469  2
14895108694839235133  2
14895108694839239664  2
14895108694839241798  2
14895108694839243417  2
14895108694839245136  2
14895108694839246807  2
14895108694839248418  2
14895108694839250138  2
14895108694839251804  2
14895108694839362016  2
14895108694839369338  2
14895108694839370912  2
14895108694839395080  1
14895108694839404245  2
14895108694839407804  2
14895108694839411139  2
14895108694839421139  2
14895108694839436075  2
14895108694839439248  2
14895108694839442584  2
14895108694839446570  2
14895108694839450081  2
14895108694839453412  2
14895108694839496861  2
14895108694839570206  2
14895108694839572042  2
14895108694839574236  2
14895108694839576214  2
14895108694839612728  2
14895108694839615082  2
14895108694839617052  2
14895108694839619247  2
14895108694839621227  2
14895108694839623408  2
14895108694839625395  2
14895108694839627577  2
14895108694839629567  2
14895108694839631744  2
14895108694839633741  2
14895108694839635914  2
14895108694839637909  2
14895108694839640078  2
14895108694839648199  2
14895108694839650072  2
14895108694839652085  1
14895108694839654240  2
14895108694839656239  2
14895108694839658417  2
14895108694839660412  2
14895108694839662574  2
14895108694839664576  2
14895108694839677392  2
14895108694839680412  1
14895108694839682576  2
14895108694839684582  2
14895108694839686734  2
14895108694839688751  2
14895108694839692919  2
14895108694839752101  2
14895108694839764068  2
14895108694839766261  2
14895108694839768413  2
14895108694839770432  2
14895108694839772573  2
14895108694839774601  2
14895108694839776736  2
14895108694839875382  2
14895108694839877567  1
14895108694839879611  2
14895108694839880982  2
14895108694839881744  2
14895108694839886728  2
14895108694839888789  2
14895108694839890896  1
14895108694839892955  2
14895108694839893788  2
14895108694839894936  2
14895108694839899232  1
14895108694839901295  2
14895108694839903399  2
14895108694839905467  2
14895108694839908400  2
14895108694840420262  2
14895108694840425057  2
14895108694840480010  2
14895108694840483934  2
14895108694840490072  2
14895108694840520203  2
14895108694840523097  2
14895108694840525059  2
14895108694840527299  2
14895108694840530047  2
14895108694840532167  2
14895108694840532557  2
14895108694840534774  2
14895108694840536721  2
14895108694840540880  2
14895108694840543122  2
14895108694840543666  2
14895108694840545883  2
14895108694840549215  2
14895108694840550607  2
14895108694840552547  2
14895108694840553945  2
14895108694840635315  2
14895108694840656508  2
14895108694840658111  2
14895108694840660045  2
14895108694840661441  2
14895108694840664220  2
14895108694840665628  2
14895108694840667549  2
14895108694840668954  2
14895108694840670888  2
14895108694840685987  2
14895108694840686004  2
14895108694840688386  2
14895108694840691714  2
14895108694840763230  2
14895108694840939603  2
14895108694840941711  2
14895108694840961941  2
14895108694840969221  2
14895108694840994149  2
14895108694840996460  2
14895108694841147259  2
14895108694841149207  1
14895108694841151708  2
14895108694841169513  1
14895108694841171459  2
14895108694841173373  1
14895108694841174792  2
14895108694841176708  1
14895108694841244750  2
14895108694841246713  2
14895108694841248135  1
14895108694841250041  2
14895108694841251475  2
14895108694841254210  2
14895108694841255641  2
14895108694841257542  2
14895108694841258978  1
14895108694841260879  2
14895108694841262313  2
14895108694841265042  1
14895108694841266475  1
14895108694841268379  2
14895108694841330375  2
14895108694841330708  2
14895108694841332539  2
14895108694841334006  2
14895108694841335870  2
14895108694841337337  2
14895108694841339208  2
14895108694841341711  2
14895108694841343186  2
14895108694841345037  2
14895108694841348369  2
14895108694841349851  2
14895108694841352545  2
14895108694841354183  2
14895108694841355867  2
14895108694841356874  1
14895108694841357354  2
14895108694841362532  2
14895108694841364029  2
14895108694841365864  2
14895108694841467191  2
14895108694841475870  2
14895108694841477398  2
14895108694841479201  2
14895108694841480744  1
14895108694841482532  2
14895108694841484079  2
14895108694841485872  1
14895108694841487413  1
14895108694841489201  1
14895108694841490752  1
14895108694841492543  1
14895108694841495034  1
14895108694841496590  1
14895108694841505133  2
14895108694841530119  2
14895108694841596164  2
14895108694841599195  2
14895108694841600770  2
14895108694841602529  1
14895108694841604106  2
14895108694841605857  2
14895108694841607436  2
14895108694841607528  2
14895108694841610229  2
14895108694841611698  2
14895108694841613363  2
14895108694841615031  2
14895108694841616695  2
14895108694841618363  2
14895108694841620861  2
14895108694841698444  2
14895108694841700871  2
14895108694841705035  2
14895108694841706691  2
14895108694841709220  2
14895108694841710794  2
14895108694841712523  2
14895108694841714192  1
14895108694841715800  2
14895108694841717527  2
14895108694841720039  2
14895108694841721644  2
14895108694841764764  2
14895108694841766695  2
14895108694841769205  2
14895108694841770859  2
14895108694841772526  2
14895108694841774203  2
14895108694841775854  2
14895108694841847625  2
14895108694841856277  2
14895108694841858367  2
14895108694841860029  2
14895108694841861695  1
14895108694841863328  2
14895108694841870299  2
14895108694842006219  2
14895108694842011691  2
14895108694842013360  2
14895108694842015013  1
14895108694842016692  2
14895108694842018378  2
14895108694842020018  1
14895108694842021693  2
14895108694842021726  2
14895108694842023356  2
14895108694842025031  2
14895108694842026691  2
14895108694842029224  2
14895108694842037764  2
14895108694842039188  2
14895108694842064435  2
14895108694842114334  2
14895108694842208639  2
14895108694842211717  2
14895108694842229357  2
14895108694842266516  2
14895108694842269218  2
14895108694842291420  2
14895108694842321154  2
14895108694842409157  2
14895108694842608259  2
14895108694842610922  2
14895108694842611424  2
14895108694842612511  2
14895108694842616760  2
14895108694842618341  2
14895108694842620098  2
14895108694842621766  2
14895108694842623432  2
14895108694842625933  2
14895108694842627605  2
14895108694842629190  2
14895108694842679993  2
14895108694842992755  2
14895108694842994169  2
14895108694842996839  2
14895108694842998338  2
14895108694843000173  2
14895108694843001672  2
14895108694843003499  2
14895108694843004999  1
14895108694843074168  2
14895108694843075997  2
14895108694843077495  2
14895108694843079330  2
14895108694843080829  2
14895108694843082673  2
14895108694843086844  2
14895108694843090184  2
14895108694843094360  2
14895108694843097698  2
14895108694843101034  2
14895108694843105201  2
14895108694843108534  2
14895108694843110194  2
14895108694843111874  2
14895108694843113338  2
14895108694843170655  2
14895108694843179585  2
14895108694843180831  2
14895108694843182840  2
14895108694843185002  2
14895108694843187845  2
14895108694843312855  2
14895108694843315017  2
14895108694843318944  2
14895108694843321187  2
14895108694843323332  2
14895108694843325357  2
14895108694843327500  2
14895108694843329527  2
14895108694843331668  2
14895108694843333698  2
14895108694843335832  2
14895108694843337868  2
14895108694843339998  2
14895108694843342040  2
14895108694843421082  2
14895108694843422866  2
14895108694843424994  1
14895108694843427032  2
14895108694843429158  2
14895108694843431211  2
14895108694843433324  2
14895108694843435386  2
14895108694843437495  2
14895108694843439552  1
14895108694843441654  2
14895108694843444557  2
14895108694843446657  2
14895108694843448722  2
14895108694843621930  2
14895108694843632915  2
14895108694843643319  2
14895108694843650281  2
14895108694843752404  2
14895108694843933071  1
14895108694843940423  1
14895108694843942634  1
14895108694843944600  2
14895108694843946653  2
14895108694843948775  1
14895108694843950823  1
14895108694843952947  2
14895108694843954981  1
14895108694843957119  1
14895108694843959151  2
14895108694843961289  1
14895108694843963320  2
14895108694843965467  2
14895108694844255522  2
14895108694844270075  2
14895108694844428359  1
14895108694844585599  2
14895108694844593887  2
14895108694844597221  2
14895108694844614136  2
14895108694844617220  2
14895108694844647687  2
14895108694844672369  2
14895108694844700708  2
14895108694844967826  2
14895108694844969965  2
14895108694844971414  2
14895108694844973293  2
14895108694844975583  2
14895108694844977461  2
14895108694844978917  2
14895108694844980796  2
14895108694844982253  2
14895108694844984130  2
14895108694844986421  2
14895108694844988296  1
14895108694844989754  2
14895108694844991629  2
14895108694844995566  2
14895108694845023624  2
14895108694845025799  2
14895108694845120923  2
14895108694845123299  2
14895108694845125644  2
14895108694845127461  2
14895108694845128984  2
14895108694845130790  2
14895108694845132322  2
14895108694845134349  2
14895108694845135661  2
14895108694845137457  2
14895108694845139126  2
14895108694845140664  1
14895108694845190091  2
14895108694845193299  2
14895108694845196875  2
14895108694845199006  2
14895108694845200787  2
14895108694845202454  2
14895108694845204122  2
14895108694845205829  2
14895108694845275538  2
14895108694845277459  2
14895108694845279019  2
14895108694845280785  2
14895108694845282350  2
14895108694845284117  2
14895108694845286517  2
14895108694845288284  1
14895108694845289862  2
14895108694845291626  2
14895108694845294963  2
14895108694845299122  2
14895108694845384906  2
14895108694845391620  2
14895108694845393291  1
14895108694845394953  1
14895108694845396556  1
14895108694845398281  2
14895108694845400208  1
14895108694845401560  2
14895108694845403288  2
14895108694845404955  2
14895108694845406623  2
14895108694845408544  2
14895108694845423940  1
14895108694845426622  1
14895108694845428288  2
14895108694845429897  2
14895108694845431622  2
14895108694845434066  1
14895108694845435789  1
14895108694845437403  1
14895108694845437872  2
14895108694845439125  1
14895108694845440786  2
14895108694845442456  2
14895108694845444083  2
14895108694845447451  2
14895108694845511155  2
14895108694845513289  2
14895108694845515218  2
14895108694845516589  2
14895108694845518284  2
14895108694845519952  2
14895108694845521614  2
14895108694845523281  2
14895108694845525129  2
14895108694845527451  2
14895108694845529112  1
14895108694845530781  2
14895108694845532482  2
14895108694845534116  2
14895108694845536593  2
14895108694845538284  2
14895108694845539957  2
14895108694845541617  2
14895108694845543288  2
14895108694845544956  2
14895108694845546886  2
14895108694845548279  2
14895108694845567193  2
14895108694845569120  2
14895108694845570786  2
14895108694845573272  1
14895108694845599161  2
14895108694845601621  2
14895108694845613750  2
14895108694845615784  2
14895108694845617447  2
14895108694845619394  2
14895108694845620780  2
14895108694845622456  2
14895108694845624116  2
14895108694845625790  2
14895108694845627454  2
14895108694845629118  2
14895108694845630791  2
14895108694845632452  2
14895108694845651641  2
14895108694845653289  2
14895108694845655231  2
14895108694845656621  2
14895108694845661146  2
14895108694845662442  2
14895108694845664125  2
14895108694845665949  2
14895108694845667731  2
14895108694845669124  2
14895108694845670791  2
14895108694845672465  2
14895108694845695112  2
14895108694845696783  2
14895108694845702462  2
14895108694845704133  2
14895108694845739726  2
14895108694845745801  2
14895108694845759115  2
14895108694845783805  1
14895108694845785444  2
14895108694845785807  2
14895108694845787474  2
14895108694845789146  1
14895108694845790806  2
14895108694845792481  2
14895108694845795814  2
14895108694845797480  2
14895108694845799147  1
14895108694845800813  2
14895108694845802480  2
14895108694845804403  2
14895108694845805892  2
14895108694845807502  2
14895108694845809167  2
14895108694845810815  2
14895108694845812184  2
14895108694845815854  2
14895108694845817496  2
14895108694845819336  2
14895108694845845816  2
14895108694845848328  2
14895108694845860314  2
14895108694845863330  2
14895108694845865001  2
14895108694845904941  2
14895108694845913331  2
14895108694845925634  2
14895108694845928330  2
14895108694845930244  2
14895108694845931365  2
14895108694845950609  2
14895108694845953923  2
14895108694845992032  1
14895108694846090928  2
14895108694846092434  2
14895108694846094192  2
14895108694846110157  2
14895108694846175521  2
14895108694846189095  2
14895108694846191700  2
14895108694846193268  2
14895108694846216872  2
14895108694846252379  2
14895108694846255025  2
14895108694846256594  2
14895108694846258454  2
14895108694846275928  2
14895108694846304828  2
14895108694846306854  2
14895108694846308270  2
14895108694846310036  2
14895108694846364149  1
14895108694846366711  2
14895108694846370784  2
14895108694846443761  2
14895108694846447875  2
14895108694846482567  2
14895108694846484209  2
14895108694846616920  2
14895108694846618567  2
14895108694846640900  2
14895108694846668780  2
14895108694846751861  2
14895108694846759217  2
14895108694846760758  2
14895108694846762552  2
14895108694846782357  2
14895108694846791322  2
14895108694846893371  2
14895108694846895274  2
14895108694846896717  2
14895108694846898256  2
14895108694846900059  2
14895108694846901587  2
14895108694846903393  2
14895108694846904983  2
14895108694846906726  2
14895108694846908251  2
14895108694846910061  2
14895108694846911585  2
14895108694846913396  2
14895108694846914915  2
14895108694846997617  2
14895108694847022073  2
14895108694847023253  2
14895108694847025086  2
14895108694847121403  2
14895108694847122413  2
14895108694847124263  2
14895108694847125752  1
14895108694847127615  2
14895108694847203066  1
14895108694847205111  2
14895108694847233941  2
14895108694847347115  2
14895108694847349916  2
14895108694847353643  2
14895108694847356587  2
14895108694847359918  2
14895108694847363637  2
14895108694847366582  2
14895108694847369919  2
14895108694847374086  2
14895108694847377420  2
14895108694847380753  2
14895108694847383251  2
14895108694847387412  2
14895108694847389359  2
14895108694847466225  2
14895108694847468573  2
14895108694847483179  2
14895108694847485382  2
14895108694847487406  2
14895108694847572726  2
14895108694847581222  2
14895108694847582889  2
14895108694847585744  2
14895108694847587896  1
14895108694847589916  2
14895108694847592050  2
14895108694847594069  2
14895108694847596223  1
14895108694847600394  2
14895108694847604568  2
14895108694847608744  2
14895108694847612907  2
14895108694847617083  2
14895108694848072248  2
14895108694848074055  2
14895108694848076288  2
14895108694848079629  2
14895108694848082968  1
14895108694848086303  2
14895108694848089659  2
14895108694848093005  2
14895108694848096354  2
14895108694848099677  2
14895108694848103009  2
14895108694848106347  1
14895108694848109681  1
14895108694848113017  2
14895108694848303505  2
14895108694848437987  2
14895108694848440370  2
14895108694848441485  2
14895108694848443219  1
14895108694848444884  2
14895108694848446498  2
14895108694848449805  2
14895108694848451509  2
14895108694848453227  2
14895108694848454844  2
14895108694848456558  1
14895108694848458225  2
14895108694848459895  2
14895108694848461514  2
14895108694848479346  2
14895108694848481562  2
14895108694848483223  2
14895108694848484892  1
14895108694848530698  2
14895108694848532888  2
14895108694848534022  2
14895108694848535722  2
14895108694848537393  2
14895108694848539059  2
14895108694848540689  2
14895108694848542384  2
14895108694848543967  2
14895108694848544059  2
14895108694848545726  2
14895108694848547397  2
14895108694848549059  2
14895108694848550700  2
14895108694848552395  2
14895108694848554058  2
14895108694848555721  2
14895108694848557387  2
14895108694848559056  2
14895108694848560706  2
14895108694848562395  2
14895108694848647102  2
14895108694848649058  2
14895108694848650719  1
14895108694848652374  1
14895108694848654049  2
14895108694848655713  2
14895108694848657382  2
14895108694848659048  2
14895108694848662378  2
14895108694848665715  2
14895108694848669057  2
14895108694848673230  2
14895108694848676567  2
14895108694848679907  2
14895108694848756146  2
14895108694848758244  2
14895108694848759923  2
14895108694848762059  1
14895108694848764100  2
14895108694848767426  1
14895108694848770764  2
14895108694848774933  2
14895108694848778266  2
14895108694848781603  2
14895108694848785770  2
14895108694848789104  2
14895108694848793276  2
14895108694848796613  2
14895108694848802129  2
14895108694848812412  2
14895108694848814106  2
14895108694848815776  2
14895108694848817911  2
14895108694848819113  2
14895108694848820782  2
14895108694848822444  1
14895108694848832909  2
14895108694848834880  2
14895108694848836616  2
14895108694849021005  2
14895108694849024462  2
14895108694849026660  2
14895108694849028217  2
14895108694849029998  2
14895108694849032098  2
14895108694849034174  2
14895108694849035719  2
14895108694849037504  2
14895108694849039049  2
14895108694849040837  2
14895108694849042922  2
14895108694849045003  2
14895108694849046540  2
14895108694849127281  2
14895108694849129214  2
14895108694849131275  2
14895108694849133386  2
14895108694849134877  2
14895108694849136728  2
14895108694849138213  2
14895108694849140059  2
14895108694849141545  2
14895108694849143398  2
14895108694849144878  2
14895108694849146732  2
14895108694849148211  2
14895108694849150067  2
14895108694849156007  2
14895108694849157569  2
14895108694849159039  2
14895108694849160904  2
14895108694849162372  1
14895108694849164245  2
14895108694849165711  2
14895108694849167589  2
14895108694849169054  2
14895108694849170925  1
14895108694849172376  1
14895108694849175091  1
14895108694849176540  2
14895108694849178430  1
14895108694849243639  2
14895108694849245930  1
14895108694849247370  2
14895108694849249265  2
14895108694849249674  2
14895108694849250716  2
14895108694849252610  2
14895108694849254040  2
14895108694849255940  1
14895108694849257954  2
14895108694849259285  2
14895108694849260712  2
14895108694849262617  2
14895108694849264043  2
14895108694849265954  2
14895108694849267955  2
14895108694849269295  2
14895108694849270714  2
14895108694849272631  2
14895108694849274042  2
14895108694849275965  2
14895108694849277956  2
14895108694849279303  2
14895108694849280713  1
14895108694849282635  1
14895108694849285970  2
14895108694849288206  2
14895108694849290141  2
14895108694849343904  2
14895108694849345992  2
14895108694849348211  1
14895108694849350163  2
14895108694849352377  1
14895108694849354330  2
14895108694849356546  1
14895108694849358499  2
14895108694849360712  2
14895108694849362666  2
14895108694849364878  2
14895108694849366831  2
14895108694849369061  2
14895108694849371004  2
14895108694849497896  2
14895108694849500415  1
14895108694849528214  2
14895108694849536044  2
14895108694849538204  1
14895108694849540214  2
14895108694849542371  2
14895108694849544374  1
14895108694849546536  2
14895108694849547712  2
14895108694849594865  1
14895108694849596886  2
14895108694849599031  2
14895108694849601050  1
14895108694849603201  1
14895108694849604388  1
14895108694849606534  2
14895108694849608552  2
14895108694849610701  2
14895108694849612727  2
14895108694849614868  1
14895108694849616899  1
14895108694849619034  1
14895108694849621063  2
14895108694849632817  2
14895108694849636063  2
14895108694849638193  2
14895108694849640246  2
14895108694849642366  2
14895108694849644409  2
14895108694849646548  2
14895108694849648580  2
14895108694849650699  2
14895108694849652750  2
14895108694849654858  2
14895108694849656928  2
14895108694849661092  2
14895108694849665263  2
14895108694849733005  2
14895108694849735267  2
14895108694849737362  2
14895108694849737634  2
14895108694849739446  2
14895108694849741534  2
14895108694849743611  2
14895108694849745701  2
14895108694849747782  2
14895108694849749866  2
14895108694849751955  2
14895108694849753835  2
14895108694849758198  2
14895108694849760281  2
14895108694849762359  2
14895108694849764452  2
14895108694849767361  2
14895108694849769449  2
14895108694849771528  2
14895108694849773619  2
14895108694849775692  2
14895108694849780500  2
14895108694849783195  2
14895108694849785289  2
14895108694849800172  2
14895108694849807793  2
14895108694849809864  2
14895108694849993060  2
14895108694850000441  2
14895108694850002300  2
14895108694850003773  2
14895108694850005696  2
14895108694850007111  2
14895108694850009034  2
14895108694850010448  2
14895108694850013194  2
14895108694850014612  2
14895108694850016520  2
14895108694850017967  2
14895108694850021301  2
14895108694850025475  2
14895108694850074261  2
14895108694850076515  2
14895108694850077145  2
14895108694850077986  2
14895108694850080687  2
14895108694850082157  2
14895108694850084020  2
14895108694850085499  2
14895108694850087363  2
14895108694850088835  2
14895108694850091523  2
14895108694850093194  2
14895108694850095694  2
14895108694850097366  2
14895108694850099861  1
14895108694850103193  2
14895108694850104677  2
14895108694850106745  2
14895108694850108011  2
14895108694850181080  2
14895108694850183189  2
14895108694850184687  2
14895108694850187351  2
14895108694850188855  2
14895108694850190687  2
14895108694850192187  2
14895108694850194017  2
14895108694850195519  2
14895108694850198181  2
14895108694850199687  2
14895108694850201519  2
14895108694850201628  2
14895108694850203028  2
14895108694850204857  2
14895108694850206523  2
14895108694850209023  2
14895108694850212350  2
14895108694850213878  2
14895108694850215679  2
14895108694850217217  2
14895108694850219851  2
14895108694850221385  2
14895108694850223183  2
14895108694850224854  2
14895108694850226400  2
14895108694850228167  2
14895108694850229727  2
14895108694850255891  2
14895108694850257358  2
14895108694850258899  2
14895108694850260685  2
14895108694850279231  2
14895108694850281518  2
14895108694850283075  2
14895108694850284853  2
14895108694850286412  2
14895108694850288183  2
14895108694850290682  1
14895108694850292254  2
14895108694850294017  2
14895108694850295585  2
14895108694850297354  2
14895108694850298921  2
14895108694850301516  2
14895108694850303183  2
14895108694850355027  2
14895108694850362355  2
14895108694850363931  2
14895108694850366520  2
14895108694850368184  2
14895108694850369766  1
14895108694850371513  2
14895108694850373096  2
14895108694850374843  2
14895108694850432745  1
14895108694850435685  2
14895108694850444857  2
14895108694850454859  2
14895108694850460691  2
14895108694850462351  2
14895108694850464016  2
14895108694850480992  2
14895108694850484013  2
14895108694850487347  2
14895108694850490684  2
14895108694850492347  2
14895108694850494848  2
14895108694850532546  2
14895108694850533965  2
14895108694850536548  2
14895108694850538178  2
14895108694850539846  2
14895108694850655825  2
14895108694850662350  2
14895108694850664008  2
14895108694850667089  1
14895108694850668123  2
14895108694850669839  2
14895108694850763949  2
14895108694850765684  2
14895108694850767349  2
14895108694850769010  2
14895108694850770691  2
14895108694850772342  2
14895108694850774012  2
14895108694850775680  2
14895108694850777347  2
14895108694850779004  2
14895108694850781522  2
14895108694850783170  2
14895108694850784840  2
14895108694850786501  2
14895108694850975265  2
14895108694850982333  2
14895108694850985666  2
14895108694850989858  2
14895108694850993165  2
14895108694850996496  2
14895108694850998802  2
14895108694851000705  2
14895108694851002361  2
14895108694851004005  2
14895108694851005685  2
14895108694851007345  1
14895108694851009034  2
14895108694851010677  2
14895108694851012350  2
14895108694851014116  1
14895108694851015691  2
14895108694851017353  2
14895108694851019617  2
14895108694851019870  1
14895108694851021539  2
14895108694851023201  2
14895108694851024862  2
14895108694851026540  2
14895108694851030711  2
14895108694851032335  2
14895108694851033351  2
14895108694851034047  2
14895108694851035717  2
14895108694851037387  2
14895108694851039070  2
14895108694851041553  2
14895108694851043220  2
14895108694851046555  2
14895108694851048225  2
14895108694851050725  1
14895108694851052390  2
14895108694851054055  2
14895108694851055725  2
14895108694851057394  2
14895108694851081748  2
14895108694851084060  2
14895108694851085729  2
14895108694851087401  2
14895108694851102588  2
14895108694851103997  2
14895108694851105737  2
14895108694851108238  2
14895108694851109837  2
14895108694851111573  2
14895108694851113241  2
14895108694851114911  2
14895108694851116549  2
14895108694851118247  2
14895108694851119915  2
14895108694851121502  2
14895108694851123254  2
14895108694851124920  2
14895108694851164948  2
14895108694851166678  2
14895108694851167429  2
14895108694851169094  2
14895108694851170756  2
14895108694851172427  2
14895108694851174094  2
14895108694851176601  2
14895108694851180145  2
14895108694851194438  2
14895108694851198281  2
14895108694851215038  2
14895108694851216505  2
14895108694851218271  2
14895108694851219945  2
14895108694851221608  2
14895108694851224940  2
14895108694851292001  2
14895108694851294948  2
14895108694851296496  2
14895108694851298295  2
14895108694851299830  2
14895108694851301621  1
14895108694851303283  2
14895108694851304830  2
14895108694851306622  2
14895108694851308160  2
14895108694851309390  2
14895108694851309967  2
14895108694851311637  2
14895108694851314132  2
14895108694851315807  2
14895108694851317473  2
14895108694851320814  2
14895108694851330525  2
14895108694851338818  2
14895108694851339973  2
14895108694851436565  2
14895108694851439159  2
14895108694851440665  2
14895108694851442497  2
14895108694851443995  2
14895108694851445829  2
14895108694851448329  2
14895108694851449829  2
14895108694851451681  2
14895108694851463108  2
14895108694851502398  2
14895108694851503650  2
14895108694851506670  2
14895108694851508159  2
14895108694851509999  2
14895108694851511492  2
14895108694851513413  2
14895108694851514827  2
14895108694851517516  2
14895108694851528580  2
14895108694851577290  2
14895108694851579166  2
14895108694851580649  2
14895108694851581018  2
14895108694851583986  2
14895108694851585842  2
14895108694851587321  2
14895108694851589181  2
14895108694851590654  2
14895108694851593354  2
14895108694851594822  2
14895108694851611502  2
14895108694851724726  2
14895108694851728572  2
14895108694851730710  1
14895108694851730859  2
14895108694851733365  2
14895108694851734824  2
14895108694851736697  2
14895108694851738159  2
14895108694851740035  2
14895108694851741494  2
14895108694851744201  2
14895108694851745660  2
14895108694851747538  2
14895108694851748991  2
14895108694851750867  2
14895108694851751464  2
14895108694851752326  2
14895108694851755050  2
14895108694851756486  2
14895108694851758380  2
14895108694851759821  2
14895108694851761863  2
14895108694851762080  2
14895108694851763158  2
14895108694851765901  2
14895108694851765902  2
14895108694851769225  2
14895108694851769226  2
14895108694851772553  2
14895108694851774921  2
14895108694851812186  2
14895108694851814232  2
14895108694851815652  2
14895108694851817563  2
14895108694851818985  2
14895108694851821737  2
14895108694851863321  2
14895108694851893797  2
14895108694851932956  2
14895108694851935075  2
14895108694851936488  1
14895108694851938410  2
14895108694851939819  2
14895108694851942584  1
14895108694851943992  2
14895108694851945937  2
14895108694851948148  2
14895108694851950111  2
14895108694851952317  2
14895108694851954277  2
14895108694851957807  2
14895108694851960241  2
14895108694851960953  2
14895108694851963155  2
14895108694851967316  2
14895108694852034237  2
14895108694852041788  2
14895108694852043987  2
14895108694852045961  2
14895108694852048151  2
14895108694852050954  2
14895108694852053151  2
14895108694852055128  1
14895108694852057321  2
14895108694852059297  2
14895108694852060770  2
14895108694852062634  2
14895108694852064819  2
14895108694852066797  2
14895108694852073197  2
14895108694852075133  2
14895108694852077310  1
14895108694852079301  1
14895108694852081479  2
14895108694852083476  2
14895108694852085652  2
14895108694852087645  2
14895108694852089817  2
14895108694852091807  2
14895108694852093985  1
14895108694852095834  2
14895108694852096001  2
14895108694852098147  2
14895108694852100152  2
14895108694852102314  2
14895108694852104317  2
14895108694852106485  2
14895108694852110646  2
14895108694852113486  2
14895108694852162610  2
14895108694852164819  2
14895108694852166830  2
14895108694852168980  1
14895108694852171838  1
14895108694852173995  2
14895108694852175999  1
14895108694852178149  2
14895108694852180178  2
14895108694852180265  2
14895108694852182314  2
14895108694852184339  2
14895108694852186479  2
14895108694852188505  2
14895108694852190649  2
14895108694852192676  2
14895108694852194813  2
14895108694852196848  2
14895108694852198976  2
14895108694852201016  2
14895108694852205185  2
14895108694852207333  2
14895108694852210190  2
14895108694852212310  2
14895108694852214359  2
14895108694852216477  2
14895108694852218531  2
14895108694852220644  2
14895108694852237162  2
14895108694852245211  2
14895108694852266162  2
14895108694852271042  2
14895108694852279813  2
14895108694852288981  2
14895108694852296651  2
14895108694852299377  2
14895108694852301482  2
14895108694852303546  2
14895108694852305651  2
14895108694852307718  2
14895108694852314696  2
14895108694852351793  2
14895108694852354380  2
14895108694852356472  1
14895108694852358558  2
14895108694852360647  2
14895108694852362724  2
14895108694852364813  2
14895108694852366899  2
14895108694852368974  2
14895108694852371895  2
14895108694852373972  2
14895108694852376062  2
14895108694852378142  2
14895108694852380230  2
14895108694852380657  2
14895108694852398289  2
14895108694852401309  2
14895108694852403139  2
14895108694852405235  2
14895108694852407305  2
14895108694852409418  2
14895108694852417717  2
14895108694852528315  2
14895108694852536072  2
14895108694852538140  2
14895108694852540235  2
14895108694852542467  2
14895108694852544403  2
14895108694852546465  2
14895108694852547670  1
14895108694852548572  2
14895108694852548819  2
14895108694852550643  1
14895108694852552750  2
14895108694852554978  1
14895108694852556910  2
14895108694852558972  2
14895108694852563129  2
14895108694852565259  1
14895108694852568311  1
14895108694852570258  2
14895108694852572301  2
14895108694852581101  2
14895108694852590269  2
14895108694852593012  2
14895108694852593781  2
14895108694852595269  2
14895108694852597303  2
14895108694852599435  1
14895108694852603601  2
14895108694852623418  1
14895108694852625272  1
14895108694852694163  2
14895108694852696113  2
14895108694852698139  2
14895108694852700275  2
14895108694852702302  2
14895108694852704438  2
14895108694852706304  2
14895108694852708610  2
14895108694852710631  2
14895108694852712913  2
14895108694852714796  2
14895108694852716946  2
14895108694852718980  2
14895108694852723228  2
14895108694852725283  2
14895108694852727486  2
14895108694852729455  2
14895108694852731464  2
14895108694852767567  2
14895108694852791590  2
14895108694852798633  2
14895108694852800823  2
14895108694852802797  2
14895108694852826900  2
14895108694852828961  2
14895108694852852822  2
14895108694852919290  1
14895108694852921976  2
14895108694853015825  2
14895108694853106249  2
14895108694853108644  2
14895108694853254503  1
14895108694853256454  1
14895108694853258661  2
14895108694853260620  1
14895108694853262830  2
14895108694853264791  2
14895108694853267026  2
14895108694853269095  2
14895108694853271167  2
14895108694853273120  2
14895108694853275339  2
14895108694853293497  2
14895108694853339719  1
14895108694853351717  2
14895108694853352842  2
14895108694853439964  1
14895108694853447014  1
14895108694853448951  2
14895108694853451188  1
14895108694853453114  1
14895108694853455349  1
14895108694853457283  2
14895108694853458689  2
14895108694853460621  2
14895108694853568961  2
14895108694853570617  2
14895108694853572025  2
14895108694853573950  2
14895108694853576309  2
14895108694853578115  2
14895108694853849834  2
14895108694853857286  2
14895108694853861446  2
14895108694853863110  2
14895108694853864777  2
14895108694853866440  2
14895108694853868110  2
14895108694853870020  2
14895108694853871395  2
14895108694853873107  2
14895108694853874788  2
14895108694853876448  2
14895108694853878910  2
14895108694853880610  2
14895108694853931468  2
14895108694853933106  2
14895108694853934776  2
14895108694853936699  2
14895108694853938087  2
14895108694853939779  2
14895108694853941443  2
14895108694853943113  2
14895108694853944780  2
14895108694853946700  2
14895108694854133354  2
14895108694854134459  2
14895108694854134766  2
14895108694854136438  2
14895108694854138115  2
14895108694854139773  2
14895108694854141431  2
14895108694854143366  2
14895108694854144774  2
14895108694854146445  2
14895108694854148117  2
14895108694854149781  2
14895108694854151447  2
14895108694854153119  2
14895108694854156456  2
14895108694854158120  2
14895108694854160623  2
14895108694854161554  2
14895108694854163981  2
14895108694854165647  2
14895108694854167311  2
14895108694854168993  2
14895108694854170656  2
14895108694854172328  2
14895108694854173987  2
14895108694854177339  2
14895108694854180661  2
14895108694854215762  2
14895108694854217271  2
14895108694854219045  2
14895108694854220713  2
14895108694854265287  2
14895108694854267376  2
14895108694854268821  2
14895108694854269064  2
14895108694854270724  2
14895108694854275137  2
14895108694854276429  2
14895108694854278219  2
14895108694854279886  2
14895108694854281759  2
14895108694854283381  2
14895108694854295803  2
14895108694854323816  2
14895108694854344227  2
14895108694854346560  2
14895108694854348387  2
14895108694854349895  2
14895108694854351439  2
14895108694854353238  2
14895108694854355261  2
14895108694854372425  2
14895108694854398571  2
14895108694854399773  2
14895108694854402395  1
14895108694854403672  2
14895108694854403939  2
14895108694854407399  2
14895108694854408929  2
14895108694854410739  2
14895108694854464975  2
14895108694854466600  2
14895108694854468241  2
14895108694854469759  2
14895108694854471572  2
14895108694854473092  2
14895108694854474909  1
14895108694854476429  2
14895108694854478252  2
14895108694854490870  2
14895108694854587364  2
14895108694854589922  2
14895108694854591433  2
14895108694854593258  2
14895108694854594764  2
14895108694854596603  2
14895108694854598100  2
14895108694854599927  2
14895108694854601424  2
14895108694854603256  2
14895108694854604757  2
14895108694854606606  2
14895108694854609946  2
14895108694854614117  2
14895108694855930702  2
14895108694855933263  2
14895108694855949904  2
14895108694855954926  2
14895108694855956396  2
14895108694855958259  1
14895108694855960051  2
14895108694855961598  2
14895108694855963066  2
14895108694855964934  2
14895108694855966403  2
14895108694855968276  2
14895108694855970061  2
14895108694855971605  2
14895108694855973068  2
14895108694855974940  1
14895108694855976397  2
14895108694856085546  2
14895108694856087475  2
14895108694856088899  2
14895108694856090817  2
14895108694856092236  2
14895108694856094979  2
14895108694856178182  2
14895108694856179992  2
14895108694856181397  2
14895108694856183321  2
14895108694856249598  2
14895108694856337313  2
14895108694856339994  2
14895108694856341391  2
14895108694856343331  2
14895108694856344731  2
14895108694856359562  1
14895108694856416671  2
14895108694856419161  2
14895108694856422507  2
14895108694856426669  1
14895108694856430010  2
14895108694856509972  2
14895108694856517528  2
14895108694856521686  2
14895108694856525857  2
14895108694856530025  2
14895108694856534186  2
14895108694856536388  2
14895108694856538355  2
14895108694856540556  2
14895108694856581816  2
14895108694856594565  2
14895108694856597533  2
14895108694856599714  2
14895108694856601702  2
14895108694856603884  2
14895108694856605878  2
14895108694856608056  2
14895108694856610048  2
14895108694856612219  2
14895108694856614364  2
14895108694856616386  2
14895108694856618398  2
14895108694856620550  2
14895108694856622560  2
14895108694856692866  2
14895108694856697639  2
14895108694856700069  1
14895108694856702226  2
14895108694856704243  1
14895108694856706389  2
14895108694856708425  2
14895108694856710553  2
14895108694856712588  2
14895108694856714725  2
14895108694856716763  2
14895108694856718888  2
14895108694856720935  2
14895108694856723052  2
14895108694856734672  2
14895108694856737610  2
14895108694856739714  2
14895108694856761709  2
14895108694856763884  2
14895108694856765945  2
14895108694856768054  1
14895108694856770120  2
14895108694856771780  2
14895108694856773885  1
14895108694856775950  2
14895108694856778050  2
14895108694856780124  1
14895108694856782222  2
14895108694856784294  2
14895108694856786382  1
14895108694856788460  2
14895108694856861444  1
14895108694856864289  1
14895108694856866379  2
14895108694856868463  1
14895108694856869358  2
14895108694856870547  1
14895108694856872629  2
14895108694856874710  1
14895108694856876800  2
14895108694856878889  1
14895108694856880979  2
14895108694856883054  1
14895108694856885151  2
14895108694856887220  1
14895108694856889321  1
14895108694856891819  1
14895108694856893885  2
14895108694856895984  1
14895108694856898055  2
14895108694856900155  1
14895108694856902224  2
14895108694856904330  1
14895108694856906385  2
14895108694856908499  1
14895108694856910551  1
14895108694856914721  2
14895108694856916916  2
14895108694856918882  2
14895108694856945783  2
14895108694856968460  2
14895108694856980552  2
14895108694856984713  1
14895108694856994725  2
14895108694857001619  2
14895108694857003522  2
14895108694857005553  2
14895108694857021311  1
14895108694857028536  1
14895108694857030550  2
14895108694857032711  2
14895108694857034717  2
14895108694857036874  2
14895108694857038880  2
14895108694857041047  2
14895108694857043054  2
14895108694857045216  2
14895108694857047224  2
14895108694857049378  1
14895108694857051379  1
14895108694857052767  2
14895108694857055543  2
14895108694857063332  2
14895108694857065129  2
14895108694857066884  2
14895108694857068880  2
14895108694857071054  2
14895108694857073044  2
14895108694857075225  2
14895108694857077208  1
14895108694857079392  2
14895108694857083564  2
14895108694857087750  2
14895108694857091076  2
14895108694857093053  2
14895108694857157217  2
14895108694857159683  2
14895108694857160236  2
14895108694857162215  2
14895108694857164410  2
14895108694857166917  2
14895108694857168877  2
14895108694857171086  2
14895108694857173057  1
14895108694857175253  2
14895108694857177754  1
14895108694857179710  1
14895108694857181926  2
14895108694857186097  1
14895108694857188041  2
14895108694857190273  2
14895108694857192208  2
14895108694857193598  2
14895108694857195538  1
14895108694857196936  2
14895108694857199814  2
14895108694857214770  2
14895108694857221942  2
14895108694857223873  2
14895108694857225274  1
14895108694857227206  2
14895108694857229447  2
14895108694857273537  2
14895108694857275542  2
14895108694857287704  2
14895108694857289704  2
14895108694857291111  2
14895108694857293050  2
14895108694857294455  2
14895108694857296374  2
14895108694857297785  2
14895108694857299704  2
14895108694857301117  2
14895108694857303053  2
14895108694857304457  2
14895108694857306372  2
14895108694857307790  2
14895108694857309706  2
14895108694857314321  2
14895108694857316127  2
14895108694857318040  1
14895108694857319460  2
14895108694857344204  2
14895108694857346137  2
14895108694857368347  2
14895108694857371148  2
14895108694857373053  2
14895108694857374470  2
14895108694857376379  2
14895108694857377809  2
14895108694857379703  2
14895108694857381146  2
14895108694857383048  2
14895108694857434932  2
14895108694857443053  2
14895108694857578434  2
14895108694857580536  2
14895108694857581998  2
14895108694857583866  1
14895108694857585332  2
14895108694857587198  2
14895108694857588672  2
14895108694857590531  2
14895108694857592004  2
14895108694857593867  2
14895108694857595340  1
14895108694857597200  2
14895108694857598681  2
14895108694857600536  2
14895108694857652957  2
14895108694857654527  2
14895108694857654701  2
14895108694857656372  2
14895108694857657856  2
14895108694857659701  2
14895108694857661370  2
14895108694857663035  2
14895108694857664708  2
14895108694857666371  2
14895108694857667859  2
14895108694857671367  2
14895108694857672857  2
14895108694857674741  2
14895108694857676214  2
14895108694857678032  2
14895108694857679525  2
14895108694857681363  2
14895108694857682857  2
14895108694857684698  2
14895108694857734267  2
14895108694857736310  1
14895108694857738027  2
14895108694857739527  2
14895108694857741363  2
14895108694857742864  2
14895108694857744695  2
14895108694857746246  2
14895108694857748025  2
14895108694857749533  2
14895108694857751361  2
14895108694857824776  2
14895108694857832198  2
14895108694857833707  1
14895108694857835526  1
14895108694857837053  2
14895108694857838854  1
14895108694857840387  1
14895108694857842674  1
14895108694857845526  1
14895108694857848860  2
14895108694857851905  2
14895108694857852192  2
14895108694857855533  1
14895108694857885650  1
14895108694857888043  2
14895108694857889712  2
14895108694857891383  2
14895108694857915804  2
14895108694857918052  2
14895108694857956843  2
14895108694857995834  2
14895108694858003064  2
14895108694858004728  2
14895108694858006853  2
14895108694858008899  2
14895108694858010571  2
14895108694858012196  2
14895108694858013907  2
14895108694858024727  2
14895108694858035430  2
14895108694858044469  2
14895108694858047266  2
14895108694858049749  2
14895108694858055525  2
14895108694858057271  2
14895108694858058938  2
14895108694858071270  2
14895108694858072273  2
14895108694858072795  1
14895108694858077698  2
14895108694858078969  2
14895108694858092191  2
14895108694858555380  2
14895108694858580108  2
14895108694858582292  2
14895108694858583851  2
14895108694858585626  2
14895108694858587186  2
14895108694858588956  2
14895108694858772998  2
14895108694858773603  2
14895108694858774807  2
14895108694858776446  1
14895108694858778115  2
14895108694858779813  2
14895108694858782293  2
14895108694858783965  1
14895108694858784408  2
14895108694858785631  2
14895108694858787601  2
14895108694858787622  2
14895108694858787857  2
14895108694858789018  2
14895108694858790649  2
14895108694858790667  2
14895108694858790668  1
14895108694858791687  2
14895108694858793169  2
14895108694858794834  2
14895108694858794836  2
14895108694858794867  2
14895108694858796501  2
14895108694858798004  2
14895108694858798005  2
14895108694858798006  1
14895108694858799857  2
14895108694858801443  2
14895108694858801446  2
14895108694858801447  1
14895108694858803196  2
14895108694858804672  2
14895108694858804673  2
14895108694858804674  2
14895108694858806541  2
14895108694858808006  1
14895108694858808007  1
14895108694858808026  2
14895108694858809889  2
14895108694858811341  2
14895108694858811342  1
14895108694858811343  2
14895108694858813218  2
14895108694858814671  2
14895108694858814672  2
14895108694858814673  2
14895108694858816567  2
14895108694858818005  2
14895108694858818006  1
14895108694858818024  2
14895108694858821872  2
14895108694858824082  2
14895108694858825506  2
14895108694858886651  2
14895108694858887880  2
14895108694858889095  2
14895108694858890506  1
14895108694858892429  2
14895108694858893838  2
14895108694858895765  2
14895108694858897169  1
14895108694858899115  2
14895108694858900507  2
14895108694858902435  2
14895108694858905773  2
14895108694858907169  2
14895108694858909115  2
14895108694858910505  2
14895108694858956807  2
14895108694858957999  2
14895108694858960083  2
14895108694858961336  2
14895108694858963279  2
14895108694858965502  1
14895108694858967449  2
14895108694858968837  2
14895108694858970780  2
14895108694858973006  2
14895108694858975251  2
14895108694858977169  1
14895108694858979120  2
14895108694858981335  1
14895108694858983286  2
14895108694858985501  2
14895108694858987457  2
14895108694858989665  2
14895108694858991621  2
14895108694858993834  1
14895108694858995792  2
14895108694859020176  2
14895108694859027465  2
14895108694859029675  2
14895108694859031633  2
14895108694859033840  2
14895108694859035799  1
14895108694859038579  2
14895108694859039971  1
14895108694859042168  2
14895108694859119912  2
14895108694859140601  2
14895108694859144345  2
14895108694859152846  2
14895108694859154668  2
14895108694859156642  2
14895108694859157722  2
14895108694859158834  2
14895108694859163002  2
14895108694859164979  2
14895108694859167167  2
14895108694859252677  2
14895108694859254238  2
14895108694859254978  2
14895108694859257166  2
14895108694859259151  2
14895108694859261336  2
14895108694859263320  2
14895108694859265500  2
14895108694859267486  2
14895108694859269758  2
14895108694859270826  2
14895108694859272999  2
14895108694859274994  2
14895108694859277162  2
14895108694859279165  2
14895108694859281357  2
14895108694859283343  2
14895108694859285498  2
14895108694859287516  2
14895108694859289663  2
14895108694859291688  1
14895108694859293828  2
14895108694859295853  2
14895108694859297993  2
14895108694859300018  2
14895108694859302163  2
14895108694859304188  2
14895108694859306329  2
14895108694859311394  2
14895108694859336118  1
14895108694859424812  2
14895108694859428829  2
14895108694859432999  2
14895108694859437168  2
14895108694859441327  2
14895108694859445498  2
14895108694859449663  2
14895108694859453828  2
14895108694859457998  2
14895108694859461906  2
14895108694859465494  2
14895108694859469657  2
14895108694859471823  2
14895108694859473382  2
14895108694859473820  2
14895108694859475615  2
14895108694859477991  2
14895108694859480074  2
14895108694859482157  2
14895108694859484234  2
14895108694859496750  2
14895108694859498916  2
14895108694859500922  2
14895108694859502993  2
14895108694859548984  2
14895108694859556517  1
14895108694859557991  2
14895108694859560091  2
14895108694859562158  2
14895108694859564265  2
14895108694859566327  2
14895108694859568432  2
14895108694859570493  2
14895108694859572599  2
14895108694859574659  2
14895108694859576775  2
14895108694859578825  2
14895108694859579555  2
14895108694859580939  2
14895108694859582995  2
14895108694859585123  2
14895108694859670712  2
14895108694859672996  2
14895108694859675110  2
14895108694859677155  2
14895108694859679271  2
14895108694859681342  2
14895108694859685504  2
14895108694859689663  2
14895108694859693826  2
14895108694859697995  2
14895108694859702161  2
14895108694859706324  2
14895108694859708486  2
14895108694859708584  2
14895108694859710487  2
14895108694859815561  2
14895108694859817989  2
14895108694859820149  2
14895108694859822155  2
14895108694859824322  2
14895108694859826321  2
14895108694859838862  2
14895108694859841830  1
14895108694859843831  2
14895108694859845838  2
14895108694859846001  2
14895108694859847987  2
14895108694859972995  2
14895108694859996190  2
14895108694860107162  2
14895108694860109378  2
14895108694860111320  1
14895108694860113544  2
14895108694860115486  2
14895108694860116880  2
14895108694860119080  2
14895108694860120212  2
14895108694860122147  2
14895108694860123541  2
14895108694860125481  2
14895108694860144135  2
14895108694860175607  2
14895108694860304262  2
14895108694860306069  2
14895108694860307980  2
14895108694860351073  2
14895108694860352976  1
14895108694860354412  1
14895108694860481329  2
14895108694860483585  2
14895108694860485469  2
14895108694860486925  2
14895108694860488805  2
14895108694860490260  2
14895108694860492971  2
14895108694860494431  2
14895108694860496303  2
14895108694860497768  1
14895108694860499639  2
14895108694860501112  2
14895108694860502969  2
14895108694860504440  2
14895108694860514929  1
14895108694860516109  2
14895108694860517968  2
14895108694860519449  1
14895108694860521306  2
14895108694860522783  1
14895108694860524639  2
14895108694860526123  1
14895108694860527973  1
14895108694860529463  2
14895108694860531302  2
14895108694860532798  2
14895108694860534637  1
14895108694860536128  2
14895108694860537301  2
14895108694860539473  2
14895108694860542969  2
14895108694860544466  2
14895108694860546302  2
14895108694860547805  2
14895108694860700893  2
14895108694860702979  2
14895108694860704505  2
14895108694860756169  2
14895108694860760337  2
14895108694860763801  2
14895108694860767137  2
14895108694860771521  2
14895108694860840568  1
14895108694860944495  2
14895108694860946821  1
14895108694860947126  2
14895108694860948809  2
14895108694860951203  2
14895108694860952970  2
14895108694860954634  2
14895108694860956293  1
14895108694860957620  2
14895108694860957966  2
14895108694860960380  2
14895108694860960381  2
14895108694860963795  2
14895108694860963796  2
14895108694860965463  2
14895108694860968796  2
14895108694860971217  2
14895108694860972963  1
14895108694860974627  2
14895108694860976298  2
14895108694860977956  2
14895108694860979631  2
14895108694860993663  2
14895108694860996302  2
14895108694860997962  2
14895108694860999631  2
14895108694861001292  2
14895108694861002905  2
14895108694861028262  2
14895108694861081239  1
14895108694861082971  2
14895108694861084626  2
14895108694861311518  2
14895108694861347990  2
14895108694861350566  1
14895108694861352123  1
14895108694861353907  2
14895108694861355462  2
14895108694861357237  2
14895108694861358791  2
14895108694861361411  1
14895108694861362962  2
14895108694861622713  2
14895108694861624785  2
14895108694861626294  2
14895108694861628114  2
14895108694861629625  2
14895108694861652387  2
14895108694861655617  2
14895108694861657130  1
14895108694861658951  1
14895108694861660449  2
14895108694861662470  2
14895108694861664612  2
14895108694861667294  2
14895108694861668780  2
14895108694861670641  2
14895108694861672110  2
14895108694861673975  2
14895108694861674227  2
14895108694861675450  2
14895108694861678145  2
14895108694861679611  2
14895108694861681494  2
14895108694861684832  2
14895108694861687177  2
14895108694861690628  2
14895108694861725066  1
14895108694861776163  2
14895108694861779019  2
14895108694861780451  1
14895108694861782350  2
14895108694861783788  2
14895108694861785679  2
14895108694861787114  2
14895108694861789013  2
14895108694861790455  2
14895108694861793186  1
14895108694861793854  2
14895108694861794619  2
14895108694861797945  2
14895108694861798574  2
14895108694861801278  2
14895108694861880760  2
14895108694861882108  2
14895108694861884018  2
14895108694861885444  2
14895108694861886570  2
14895108694861887358  2
14895108694861888785  2
14895108694861891531  2
14895108694861892953  2
14895108694861894863  2
14895108694861896287  2
14895108694861898207  2
14895108694861900530  2
14895108694861903779  2
14895108694861905713  2
14895108694861907127  2
14895108694861909053  2
14895108694861911278  2
14895108694861913220  2
14895108694861975401  2
14895108694861979055  2
14895108694861981278  2
14895108694861983227  2
14895108694861985446  2
14895108694861987401  2
14895108694861988860  2
14895108694861990737  2
14895108694861992946  2
14895108694861994907  2
14895108694861997117  2
14895108694861999071  2
14895108694862001279  1
14895108694862002022  2
14895108694862031846  2
14895108694862034913  2
14895108694862037110  2
14895108694862039090  2
14895108694862041280  2
14895108694862043258  2
14895108694862063185  2
14895108694862065698  2
14895108694862067433  2
14895108694862069605  2
14895108694862072434  2
14895108694862074611  2
14895108694862146113  2
14895108694862148771  2
14895108694862150778  2
14895108694862152946  2
14895108694862154947  2
14895108694862157106  2
14895108694862159952  2
14895108694862162116  2
14895108694862164119  2
14895108694862166274  2
14895108694862168298  2
14895108694862170438  2
14895108694862237903  2
14895108694862240787  2
14895108694862242935  2
14895108694862244973  2
14895108694862247105  2
14895108694862249149  2
14895108694862251271  2
14895108694862253308  2
14895108694862254773  2
14895108694862255439  2
14895108694862257483  2
14895108694862259606  2
14895108694862261652  2
14895108694862264714  2
14895108694862266658  2
14895108694862268775  2
14895108694862270823  2
14895108694862272938  2
14895108694862277936  2
14895108694862285718  2
14895108694862287938  2
14895108694862289996  2
14895108694862296781  2
14895108694862338234  2
14895108694862368713  2
14895108694862370831  2
14895108694862372936  2
14895108694862374995  2
14895108694862377104  2
14895108694862379996  2
14895108694862382098  2
14895108694862382302  2
14895108694862414691  2
14895108694862416673  2
14895108694862466275  2
14895108694862469175  2
14895108694862471271  2
14895108694862473338  2
14895108694862475435  2
14895108694862477505  2
14895108694862480552  2
14895108694862482181  2
14895108694862482504  2
14895108694862484596  2
14895108694862488756  2
14895108694862490840  2
14895108694862493889  2
14895108694862495845  2
14895108694862497937  2
14895108694862500016  2
14895108694862502851  2
14895108694862539621  2
14895108694862594760  2
14895108694862656172  2
14895108694862802258  2
14895108694862805185  2
14895108694862807143  2
14895108694862809241  2
14895108694862811257  2
14895108694862813403  2
14895108694862829323  2
14895108694862861247  2
14895108694862891288  2
14895108694862898103  2
14895108694862899590  2
14895108694862901750  2
14895108694862903757  2
14895108694862905915  2
14895108694862907925  2
14895108694862929301  2
14895108694862987128  2
14895108694862989251  2
14895108694862991253  2
14895108694863101663  2
14895108694863157627  2
14895108694863173778  2
14895108694863176419  2
14895108694863178447  2
14895108694863180420  2
14895108694863198656  2
14895108694863201786  1
14895108694863203923  1
14895108694863262729  2
14895108694863270970  2
14895108694863273923  2
14895108694863415802  2
14895108694863474781  2
14895108694863476833  2
14895108694863478749  2
14895108694863481433  2
14895108694863482674  2
14895108694863484579  2
14895108694863486012  2
14895108694863487912  2
14895108694863504642  2
14895108694863560147  2
14895108694863562082  2
14895108694863673249  2
14895108694863675407  2
14895108694863676844  2
14895108694863678747  2
14895108694863682084  2
14895108694863686016  2
14895108694863742169  1
14895108694863749575  2
14895108694863751050  2
14895108694863752331  2
14895108694863753118  2
14895108694863755074  2
14895108694863757071  2
14895108694863758740  2
14895108694863760408  2
14895108694863764389  2
14895108694863766234  2
14895108694863803285  1
14895108694863821238  1
14895108694863824203  2
14895108694863827712  1
14895108694863829570  2
14895108694863832966  2
14895108694863832970  2
14895108694863840923  2
14895108694863845401  2
14895108694863846900  2
14895108694863850565  2
14895108694863856169  2
14895108694863919286  2
14895108694864095662  2
14895108694864097902  2
14895108694864099564  2
14895108694864102897  2
14895108694864106987  2
14895108694864110397  2
14895108694864113965  2
14895108694864117063  2
14895108694864120397  2
14895108694864123970  2
14895108694864244841  2
14895108694864246769  2
14895108694864247312  2
14895108694864248682  1
14895108694864250395  2
14895108694864252312  2
14895108694864253686  2
14895108694864255399  2
14895108694864257058  2
14895108694864258751  1
14895108694864260653  2
14895108694864262040  2
14895108694864263978  2
14895108694864265378  2
14895108694864267062  2
14895108694864268734  2
14895108694864270397  2
14895108694864272324  2
14895108694864273722  2
14895108694864275397  2
14895108694864277060  2
14895108694864278733  2
14895108694864280396  2
14895108694864282327  2
14895108694864283727  2
14895108694864285396  1
14895108694864287060  2
14895108694864288736  2
14895108694864321974  2
14895108694864324564  2
14895108694864326242  2
14895108694864327896  2
14895108694864329581  2
14895108694864331492  2
14895108694864332915  2
14895108694864334559  2
14895108694864336256  1
14895108694864350293  2
14895108694864352567  2
14895108694864352914  1
14895108694864356246  2
14895108694864358028  2
14895108694864359558  2
14895108694864361250  2
14895108694864362921  2
14895108694864364587  1
14895108694864366255  1
14895108694864367932  1
14895108694864369564  1
14895108694864371350  2
14895108694864372890  2
14895108694864418855  2
14895108694864420437  2
14895108694864422103  2
14895108694864441146  1
14895108694864443773  2
14895108694864445437  2
14895108694864447107  2
14895108694864448772  1
14895108694864450439  2
14895108694864452101  2
14895108694864453773  1
14895108694864455668  2
14895108694864457115  2
14895108694864458780  1
14895108694864652084  2
14895108694864658407  2
14895108694864660482  1
14895108694864662150  1
14895108694864663717  1
14895108694864665608  1
14895108694864667349  2
14895108694864668953  1
14895108694864670388  1
14895108694864672280  2
14895108694864673718  2
14895108694864675615  2
14895108694864677454  2
14895108694864678952  2
14895108694864680384  2
14895108694864708176  2
14895108694864715610  2
14895108694864717052  2
14895108694864718958  2
14895108694864720385  2
14895108694864722288  2
14895108694864808036  2
14895108694864809558  1
14895108694864812889  1
14895108694864816223  1
14895108694864819557  1
14895108694864823193  2
14895108694864826223  2
14895108694864829556  2
14895108694864833198  2
14895108694864834818  2
14895108694864836217  1
14895108694864838155  2
14895108694864839551  2
14895108694864841489  2
14895108694864931858  2
14895108694864933996  2
14895108694864936212  2
14895108694864938175  1
14895108694864940382  1
14895108694864942342  2
14895108694864944552  2
14895108694864946503  2
14895108694864948719  2
14895108694864950681  2
14895108694864952880  2
14895108694864954850  2
14895108694864957052  1
14895108694864959016  2
14895108694864982329  1
14895108694864989017  2
14895108694864991213  1
14895108694864993194  2
14895108694864995384  1
14895108694864997356  1
14895108694864999545  2
14895108694865001525  2
14895108694865003720  2
14895108694865005689  1
14895108694865007885  2
14895108694865009853  1
14895108694865012048  1
14895108694865014031  1
14895108694865029637  2
14895108694865036534  2
14895108694865038716  2
14895108694865040699  2
14895108694865042886  2
14895108694865044873  2
14895108694865047050  2
14895108694865056546  2
14895108694865065716  2
14895108694865074876  2
14895108694865079878  2
14895108694865084039  2
14895108694865086829  2
14895108694865088216  2
14895108694865090381  2
14895108694865092390  2
14895108694865094548  2
14895108694865098710  2
14895108694865100725  2
14895108694865105379  2
14895108694865164224  2
14895108694865166572  2
14895108694865168713  2
14895108694865170744  2
14895108694865172882  2
14895108694865174910  2
14895108694865177044  2
14895108694865179084  2
14895108694865181228  2
14895108694865183252  2
14895108694865185381  2
14895108694865216336  2
14895108694865224924  1
14895108694865227424  2
14895108694865229546  2
14895108694865289828  2
14895108694865308340  2
14895108694865314176  2
14895108694865316205  2
14895108694865318341  2
14895108694865320374  2
14895108694865322509  2
14895108694865324540  2
14895108694865326696  2
14895108694865328711  2
14895108694865340719  2
14895108694865348353  2
14895108694865367523  2
14895108694865376208  2
14895108694865388360  2
14895108694865395037  2
14895108694865397042  2
14895108694865399201  2
14895108694865401206  2
14895108694865403367  2
14895108694865405372  2
14895108694865407542  2
14895108694865409539  1
14895108694865411709  2
14895108694865434896  2
14895108694865437540  2
14895108694865439207  2
14895108694865439539  2
14895108694865441720  2
14895108694865443703  2
14895108694865445885  2
14895108694865447875  2
14895108694865450057  2
14895108694865451729  2
14895108694865453701  2
14895108694865455900  2
14895108694865457877  2
14895108694865460066  2
14895108694865462040  2
14895108694865464233  2
14895108694865466205  2
14895108694865468408  2
14895108694865470373  2
14895108694865472577  2
14895108694865474540  2
14895108694865476752  2
14895108694865478706  2
14895108694865480931  2
14895108694865482874  2
14895108694865485104  2
14895108694865487039  2
14895108694865507595  2
14895108694865528892  2
14895108694865531202  2
14895108694865533435  2
14895108694865535363  1
14895108694865536017  2
14895108694865537610  2
14895108694865539537  1
14895108694865540944  2
14895108694865542872  1
14895108694865544285  2
14895108694865546204  1
14895108694865547621  2
14895108694865549538  1
14895108694865550954  2
14895108694865552870  2
14895108694865554292  2
14895108694865556205  2
14895108694865557626  2
14895108694865559537  2
14895108694865560963  2
14895108694865562874  2
14895108694865564299  2
14895108694865566206  1
14895108694865569569  2
14895108694865570959  1
14895108694865572864  2
14895108694865574288  1
14895108694865613482  2
14895108694865620135  2
14895108694865622030  2
14895108694865623465  2
14895108694865624286  2
14895108694865625378  2
14895108694865626802  1
14895108694865628823  2
14895108694865630138  2
14895108694865632032  1
14895108694865633471  2
14895108694865635363  2
14895108694865636854  2
14895108694865638698  2
14895108694865640141  2
14895108694865642034  2
14895108694865643479  2
14895108694865645362  2
14895108694865646817  2
14895108694865650152  2
14895108694865652033  2
14895108694865653488  2
14895108694865655366  2
14895108694865657655  2
14895108694865659535  2
14895108694865693497  2
14895108694865695175  2
14895108694865697039  2
14895108694865732419  2
14895108694865768059  2
14895108694865769346  2
14895108694865771208  1
14895108694865772684  2
14895108694865774529  2
14895108694865776017  2
14895108694865777867  2
14895108694865779358  1
14895108694865781205  1
14895108694865782690  2
14895108694865784533  2
14895108694865786022  1
14895108694865787867  1
14895108694865789358  1
14895108694865819368  2
14895108694865822036  2
14895108694865823523  2
14895108694865825365  2
14895108694865826860  2
14895108694865828706  2
14895108694865830199  2
14895108694865832034  2
14895108694865833533  2
14895108694865835369  2
14895108694865836866  2
14895108694865838706  2
14895108694865840199  2
14895108694865842027  2
14895108694865850194  2
14895108694865852029  2
14895108694865853529  2
14895108694865855361  2
14895108694865856868  2
14895108694865858698  2
14895108694865860203  1
14895108694865862029  2
14895108694865863542  2
14895108694865865364  2
14895108694865866884  2
14895108694865868699  2
14895108694865870217  2
14895108694865872029  1
14895108694865887405  2
14895108694865894537  2
14895108694865896054  2
14895108694865914576  1
14895108694865916905  2
14895108694865918700  1
14895108694865938336  2
14895108694865941398  2
14895108694865945237  2
14895108694865959734  2
14895108694865960360  2
14895108694865962105  2
14895108694865963696  2
14895108694865969683  1
14895108694865971069  2
14895108694865972869  2
14895108694865982495  1
14895108694865985638  2
14895108694865986864  2
14895108694865986916  2
14895108694865988700  2
14895108694865990366  2
14895108694865991916  2
14895108694865993694  2
14895108694865995354  2
14895108694865997028  2
14895108694866000453  2
14895108694866012030  2
14895108694866138421  2
14895108694866140352  2
14895108694866141932  2
14895108694866145358  2
14895108694866148696  2
14895108694866152025  2
14895108694866155273  2
14895108694866167866  2
14895108694866187034  2
14895108694866194451  2
14895108694866238519  2
14895108694866241195  2
14895108694866242857  2
14895108694866244526  2
14895108694866246214  2
14895108694866255283  2
14895108694866257490  2
14895108694866258621  1
14895108694866260358  1
14895108694866262021  2
14895108694866263696  2
14895108694866265293  2
14895108694866267023  2
14895108694866268689  2
14895108694866270358  2
14895108694866272021  2
14895108694866313362  2
14895108694866315303  2
14895108694866317024  2
14895108694866318694  2
14895108694866320356  2
14895108694866336821  2
14895108694866344527  1
14895108694866346140  2
14895108694866347853  2
14895108694866349525  1
14895108694866351184  2
14895108694866352853  2
14895108694866354518  2
14895108694866356146  2
14895108694866357852  2
14895108694866359521  1
14895108694866361185  2
14895108694866362854  2
14895108694866364522  1
14895108694866381723  2
14895108694866384523  2
14895108694866386187  2
14895108694866387850  2
14895108694866389527  2
14895108694866391160  2
14895108694866392856  2
14895108694866433327  1
14895108694866435353  2
14895108694866437015  2
14895108694866438684  2
14895108694866440331  2
14895108694866450354  2
14895108694866457847  2
14895108694866459518  2
14895108694866461181  2
14895108694866462850  2
14895108694866468089  2
14895108694866469613  2
14895108694866471037  2
14895108694866471168  2
14895108694866473261  2
14895108694866474513  2
14895108694866476171  1
14895108694866477853  2
14895108694866479520  1
14895108694866481186  2
14895108694866482847  2
14895108694866484521  2
14895108694866487849  2
14895108694866489511  2
14895108694866491180  2
14895108694866492844  2
14895108694866494511  2
14895108694866497014  2
14895108694866498691  2
14895108694866568905  2
14895108694866571182  2
14895108694866572853  2
14895108694866573419  2
14895108694866574531  2
14895108694866577034  2
14895108694866578698  2
14895108694866580368  2
14895108694866582034  2
14895108694866583707  2
14895108694866586206  2
14895108694866587876  2
14895108694866589543  2
14895108694866591222  2
14895108694866592878  2
14895108694866594548  2
14895108694866597045  2
14895108694866598714  2
14895108694866600381  1
14895108694866602049  2
14895108694866603720  2
14895108694866605382  2
14895108694866607882  2
14895108694866609550  2
14895108694866611214  2
14895108694866612887  2
14895108694866616693  2
14895108694866617879  2
14895108694866645183  2
14895108694866647894  2
14895108694866649563  2
14895108694866651229  2
14895108694866652905  2
14895108694866655407  2
14895108694866657071  2
14895108694866658736  2
14895108694866660408  2
14895108694866662076  2
14895108694866726157  2
14895108694866728762  2
14895108694866732089  2
14895108694866735424  2
14895108694866739591  2
14895108694866741255  2
14895108694866742922  2
14895108694866744591  2
14895108694866746257  2
14895108694866755574  2
14895108694866757090  2
14895108694866758672  2
14895108694866760433  2
14895108694866777999  2
14895108694866780441  2
14895108694866782551  2
14895108694866783772  2
14895108694866785434  2
14895108694866815203  2
14895108694866817942  2
14895108694866819602  2
14895108694866821712  2
14895108694866823773  2
14895108694866863747  2
14895108694866865447  2
14895108694866867009  2
14895108694866868780  2
14895108694866870885  1
14895108694866872947  2
14895108694866874506  2
14895108694866876281  2
14895108694866877843  2
14895108694866879622  2
14895108694866881178  2
14895108694866882956  2
14895108694866884506  2
14895108694866886287  2
14895108694866918540  2
14895108694866921295  2
14895108694866922841  1
14895108694866924632  2
14895108694866926175  2
14895108694866927966  2
14895108694866929507  2
14895108694866932136  2
14895108694866933676  2
14895108694866935469  2
14895108694866937005  2
14895108694866938799  2
14895108694866940065  2
14895108694866940894  2
14895108694866942136  2
14895108694866943804  2
14895108694866945476  2
14895108694866948813  2
14895108694866950891  2
14895108694866952977  1
14895108694866954507  2
14895108694866956309  2
14895108694866957840  2
14895108694866959647  2
14895108694866961730  2
14895108694866982209  2
14895108694866988263  2
14895108694866990492  2
14895108694867024295  2
14895108694867042602  2
14895108694867059134  2
14895108694867060491  2
14895108694867072026  2
14895108694867086267  1
14895108694867090116  2
14895108694867091326  2
14895108694867091327  2
14895108694867092994  2
14895108694867094667  2
14895108694867094669  2
14895108694867097165  2
14895108694867098830  1
14895108694867098833  1
14895108694867100502  2
14895108694867102176  2
14895108694867102179  2
14895108694867103845  2
14895108694867105512  2
14895108694867105515  2
14895108694867107568  2
14895108694867108851  2
14895108694867108854  1
14895108694867110515  2
14895108694867114086  2
14895108694867115581  2
14895108694867116497  2
14895108694867118533  2
14895108694867118534  2
14895108694867119682  2
14895108694867121167  2
14895108694867121168  2
14895108694867123024  2
14895108694867124499  1
14895108694867124501  2
14895108694867126392  2
14895108694867131369  2
14895108694867134695  1
14895108694867136166  2
14895108694867146599  1
14895108694867147829  2
14895108694867149696  2
14895108694867151166  2
14895108694867153034  1
14895108694867154500  2
14895108694867156366  2
14895108694867193619  2
14895108694867194451  2
14895108694867196378  2
14895108694867197835  2
14895108694867199716  1
14895108694867201168  2
14895108694867203054  2
14895108694867205333  2
14895108694867207352  2
14895108694867209507  2
14895108694867211525  2
14895108694867215694  1
14895108694867217834  1
14895108694867219863  2
14895108694867222001  2
14895108694867233204  2
14895108694867240700  2
14895108694867242840  2
14895108694867244862  2
14895108694867278407  2
14895108694867280694  1
14895108694867282832  2
14895108694867284999  1
14895108694867287004  2
14895108694867289042  2
14895108694867291168  2
14895108694867293221  2
14895108694867295344  2
14895108694867295368  2
14895108694867297384  2
14895108694867299253  2
14895108694867302415  2
14895108694867304062  2
14895108694867306168  1
14895108694867308237  2
14895108694867310343  1
14895108694867312404  2
14895108694867314505  1
14895108694867316591  2
14895108694867319509  2
14895108694867323757  2
14895108694867330775  1
14895108694867334500  2
14895108694867337985  2
14895108694867344102  1
14895108694867363261  1
14895108694867372419  1
14895108694867377421  1
14895108694867386966  2
14895108694867389086  2
14895108694867391038  2
14895108694867393262  2
14895108694867395325  2
14895108694867397506  2
14895108694867399598  2
14895108694867401589  2
14895108694867403657  2
14895108694867405763  2
14895108694867408672  2
14895108694867410771  1
14895108694867412830  2
14895108694867414935  2
14895108694867417001  2
14895108694867419105  2
14895108694867435836  1
14895108694867439111  1
14895108694867607618  2
14895108694867609938  2
14895108694867611983  2
14895108694867613386  2
14895108694867614111  2
14895108694867616158  2
14895108694867618279  2
14895108694867620326  2
14895108694867622452  2
14895108694867624492  1
14895108694867626617  2
14895108694867628664  2
14895108694867630793  2
14895108694867632825  2
14895108694867634964  2
14895108694867636995  2
